channel names:
01/07/2015 07:19:07 PM - Acceleration - Ref
start times:
1/7/2015 19:19:10.483104
dt:
0.000488
data:
2.986873E-4
8.113494E-4
2.504726E-4
6.209320E-4
2.449798E-4
1.094906E-4
4.479750E-5
-1.328033E-4
-3.335959E-4
-4.446727E-4
-3.445816E-4
-3.988993E-4
-4.013406E-4
-2.969772E-4
2.687820E-4
5.127224E-6
6.178805E-4
3.707041E-4
4.750675E-4
2.132436E-4
6.880664E-4
1.064390E-4
1.296309E-4
2.404690E-5
-3.555672E-4
-2.743957E-4
-5.191308E-4
-4.404005E-4
-2.969772E-4
-4.135468E-4
-9.435363E-5
3.584979E-4
1.503815E-4
5.086346E-4
5.214512E-4
8.369825E-4
4.836118E-4
8.101288E-4
5.049728E-4
2.230086E-4
3.786382E-4
-7.079016E-6
-1.010671E-4
-3.665528E-4
-1.651498E-4
-2.048201E-4
-3.030803E-4
6.127593E-5
3.932857E-4
1.021668E-4
3.932857E-4
7.155304E-4
8.101288E-4
4.726262E-4
5.959092E-4
4.244116E-4
-1.901726E-4
4.115950E-4
-2.762266E-4
-2.133645E-4
-3.757075E-4
-4.007303E-4
-4.263634E-4
-3.860828E-4
-2.444904E-4
2.547448E-4
-1.920036E-4
5.983505E-4
4.097641E-4
5.141274E-4
4.805603E-4
5.208409E-4
5.000903E-4
-3.515337E-5
3.133348E-4
-1.871211E-4
-1.169352E-4
-4.880049E-4
-2.200779E-4
-4.477243E-4
-1.346342E-4
-1.364652E-4
2.889223E-4
1.245097E-5
3.981682E-4
4.976490E-4
6.178805E-4
4.048816E-4
5.238924E-4
4.530962E-4
-1.840695E-4
3.426298E-4
-2.005479E-4
-1.767458E-4
-3.183381E-4
-5.038730E-4
-2.878225E-4
-2.090923E-4
-1.004568E-4
3.438504E-4
9.118122E-5
6.233733E-4
8.266072E-4
6.368001E-4
6.953901E-4
5.348780E-4
7.625244E-4
1.672315E-5
3.340854E-4
-1.236486E-4
-3.122350E-4
-3.543465E-4
-3.396991E-4
-4.556583E-4
-1.364652E-4
-9.862582E-5
1.699115E-4
2.553551E-4
4.506550E-4
8.497990E-4
8.491887E-4
5.800411E-4
7.240748E-4
8.803146E-4
2.394870E-4
6.526683E-4
1.998168E-4
1.424474E-4
-8.092677E-5
-3.210181E-5
-2.005479E-4
-1.928526E-5
-2.294713E-5
3.041801E-4
2.217880E-4
6.300867E-4
5.537977E-4
6.587714E-4
6.123877E-4
4.518756E-4
8.644465E-4
4.357688E-5
3.877928E-4
-3.698430E-5
-2.084820E-4
-2.481523E-4
-3.702147E-4
-4.037818E-4
-2.243501E-4
-2.353357E-4
1.638083E-4
2.468108E-4
2.907532E-4
6.380208E-4
5.287749E-4
6.825735E-4
6.734189E-4
7.979225E-4
1.210865E-4
3.090626E-4
-1.501307E-5
1.778455E-4
-2.966056E-5
-2.615791E-4
-1.169352E-4
4.516912E-6
1.076596E-4
3.566669E-4
3.340854E-4
5.891958E-4
8.327103E-4
8.174525E-4
7.509285E-4
5.678349E-4
1.028620E-3
4.723875E-5
4.634715E-4
2.425386E-4
-7.079016E-6
-1.315827E-4
-3.183381E-4
-3.177278E-4
-1.559951E-4
-6.383803E-5
2.297220E-4
3.877928E-4
4.213600E-4
8.327103E-4
5.171790E-4
7.869369E-4
6.398517E-4
9.028962E-4
1.131524E-4
3.005182E-4
8.751934E-5
-1.745432E-5
-3.665528E-4
-5.124174E-4
-2.627997E-4
-2.408285E-4
-2.164160E-4
3.906600E-6
2.596273E-4
3.566669E-4
6.966107E-4
5.129068E-4
8.925209E-4
5.788205E-4
1.167772E-3
3.145554E-4
4.726262E-4
5.983505E-4
9.545340E-5
1.729630E-4
-8.519895E-5
-5.102148E-5
2.022580E-4
6.188624E-5
5.122965E-4
6.807426E-4
4.176981E-4
1.003598E-3
6.978313E-4
1.012752E-3
7.637450E-4
8.662775E-4
3.157760E-4
4.787293E-4
3.243204E-4
1.467196E-4
5.761406E-5
-2.042098E-4
-9.758960E-7
-5.956585E-5
-2.538838E-5
1.790661E-4
4.378384E-4
3.365266E-4
7.246851E-4
6.325280E-4
1.019466E-3
5.971299E-4
9.743027E-4
2.974667E-4
4.164775E-4
5.788205E-4
-8.580926E-5
-5.895554E-5
-2.664616E-4
-1.028980E-4
-7.787521E-5
-1.755251E-4
4.906969E-5
4.854428E-4
2.407077E-4
8.314897E-4
4.390591E-4
1.010921E-3
5.611215E-4
7.747307E-4
4.390591E-4
2.754954E-4
3.688732E-4
-3.332243E-5
-2.280120E-4
-2.286223E-4
-1.529436E-4
-1.334136E-4
-1.047289E-4
4.723875E-5
5.153481E-4
1.827280E-4
6.953901E-4
6.898973E-4
9.199849E-4
5.611215E-4
1.021907E-3
3.279823E-4
1.400062E-4
1.473299E-4
-1.736942E-4
-1.926139E-4
-5.301164E-4
-3.140660E-4
-4.379593E-4
-3.043010E-4
1.033875E-4
3.731454E-4
4.662844E-5
7.686275E-4
5.458637E-4
8.455268E-4
6.233733E-4
7.680172E-4
4.366178E-4
9.606371E-5
4.335662E-4
4.906969E-5
1.302412E-4
-2.023789E-4
-1.309724E-4
1.306128E-5
2.486417E-4
2.038502E-5
6.221527E-4
2.999079E-4
7.674069E-4
9.352427E-4
9.370736E-4
6.856251E-4
1.007870E-3
5.855339E-4
3.200482E-4
4.286838E-4
-3.637399E-5
7.568472E-6
-3.500744E-4
-2.609688E-4
-1.840695E-4
-1.999376E-4
-5.895554E-5
2.791573E-4
-2.416775E-5
7.069860E-4
5.513565E-4
6.514476E-4
4.103744E-4
5.647833E-4
7.722894E-4
-5.712460E-5
3.273720E-4
6.615842E-5
-5.041117E-5
-2.701235E-4
-2.389976E-4
-1.797973E-4
4.296657E-5
-7.299271E-5
3.584979E-4
1.833383E-4
6.099464E-4
7.728997E-4
6.105567E-4
4.616406E-4
6.831839E-4
3.774175E-4
4.516912E-6
2.309427E-4
-1.523333E-4
-7.787521E-5
-5.649042E-4
-3.091835E-4
-2.048201E-4
-3.573981E-4
-8.214739E-5
1.406165E-4
1.125421E-4
6.618229E-4
5.318265E-4
5.452533E-4
3.938960E-4
4.591994E-4
4.500447E-4
-3.555672E-4
1.973755E-4
-2.737854E-4
-4.104952E-4
-6.173910E-4
-6.656057E-4
-5.923682E-4
-3.549569E-4
-5.655145E-4
-6.017616E-5
-1.083908E-4
1.058287E-4
5.952989E-4
2.626789E-4
3.920650E-4
4.390591E-4
6.447342E-4
-1.901726E-4
1.943239E-4
-1.627086E-4
-2.920947E-4
-6.582819E-4
-2.652410E-4
-4.983802E-4
-3.067422E-4
-1.505023E-4
8.080591E-5
2.303324E-4
4.817809E-4
4.768984E-4
6.587714E-4
4.732365E-4
6.477858E-4
7.948710E-4
-2.536451E-4
4.207497E-4
-7.604427E-5
-2.109232E-4
-3.873034E-4
-4.153777E-4
-3.958478E-4
-3.152866E-4
-4.605408E-4
3.102832E-4
-2.237398E-4
1.326824E-4
4.378384E-4
2.956357E-4
6.593817E-4
2.455902E-4
6.514476E-4
-5.041117E-5
2.138539E-4
6.127593E-5
-2.158057E-4
-4.043921E-4
-1.340239E-4
-4.379593E-4
-2.249604E-4
-1.529436E-4
2.419283E-4
4.146466E-4
3.218792E-4
7.521491E-4
6.856251E-4
7.204129E-4
5.379296E-4
7.143098E-4
1.570949E-4
4.616406E-4
6.737905E-5
-8.458864E-5
-2.219088E-4
-3.458022E-4
-1.218177E-4
-2.792782E-4
-2.249604E-4
3.560566E-4
2.205674E-4
3.285926E-4
6.953901E-4
5.898061E-4
8.339309E-4
3.725350E-4
6.282558E-4
4.235626E-5
-7.689328E-6
8.873997E-5
-3.732662E-4
-4.642027E-4
-4.965492E-4
-7.016141E-4
-4.959389E-4
-4.977699E-4
-2.432698E-4
1.650290E-4
-1.743045E-4
5.348780E-4
3.176070E-4
3.182173E-4
1.894414E-4
4.524859E-4
-1.065599E-4
1.387856E-4
-1.944448E-4
-3.342062E-4
-3.470228E-4
-4.458933E-4
-4.050024E-4
-4.574893E-4
-1.480611E-4
1.766249E-4
8.996059E-5
2.431489E-4
7.289573E-4
5.617318E-4
8.815353E-4
3.426298E-4
7.863266E-4
3.060110E-4
2.620686E-4
2.150746E-4
-3.140660E-4
-1.425683E-4
-4.550480E-4
-4.770193E-4
-3.775384E-4
-2.658513E-4
-1.962757E-4
2.108024E-4
-5.712460E-5
7.112582E-4
4.701850E-4
5.592905E-4
4.689643E-4
5.367090E-4
2.565758E-4
5.334187E-5
3.564282E-5
-1.535539E-4
-4.186680E-5
-3.732662E-4
-3.018597E-4
-3.409197E-4
-2.274016E-4
1.162040E-4
3.530051E-4
2.150746E-4
6.007917E-4
6.569404E-4
7.051551E-4
4.958181E-4
9.779646E-4
4.250219E-4
6.188624E-5
3.963372E-4
6.958160E-6
3.259126E-5
-3.897446E-4
-2.267913E-4
-1.901726E-4
1.082700E-4
-2.111619E-5
5.269440E-4
2.144642E-4
8.418650E-4
7.661863E-4
7.021035E-4
6.593817E-4
7.045448E-4
4.036610E-4
5.395218E-5
2.101921E-4
-1.694220E-4
-7.787521E-5
-5.624629E-4
-3.287134E-4
-2.591379E-4
-2.310635E-4
-1.675911E-4
1.656393E-4
1.674702E-4
5.995711E-4
3.566669E-4
6.758601E-4
3.383576E-4
7.216335E-4
4.299044E-4
1.672315E-5
3.200482E-4
-4.858023E-5
-1.810179E-4
-2.988082E-4
-2.402182E-4
-1.230383E-4
-9.130207E-5
-1.291414E-4
5.007006E-4
3.011285E-4
8.876384E-4
5.995711E-4
8.900796E-4
6.960004E-4
9.358530E-4
5.660040E-4
1.162040E-4
4.225806E-4
1.583155E-4
-2.843994E-5
-3.799796E-4
-1.871211E-4
-2.853813E-4
-2.042098E-4
-2.518141E-4
4.482137E-4
1.192556E-4
4.421106E-4
5.324368E-4
6.691467E-4
5.794308E-4
7.124788E-4
4.945974E-4
-2.538838E-5
3.993888E-4
-8.909952E-6
-1.950551E-4
-4.098849E-4
-3.171175E-4
-1.260899E-4
1.672315E-5
3.137064E-5
5.653936E-4
2.492520E-4
8.620053E-4
8.009741E-4
9.175437E-4
8.467475E-4
9.694202E-4
8.980137E-4
3.884032E-4
6.410723E-4
3.346957E-4
3.102832E-4
-7.689328E-6
3.102832E-4
1.223071E-4
4.280734E-4
1.668599E-4
8.497990E-4
7.576419E-4
1.021907E-3
1.118947E-3
1.088431E-3
1.007260E-3
1.075004E-3
1.105520E-3
4.622509E-4
8.790940E-4
3.310338E-4
1.747940E-4
-4.003586E-5
2.038502E-5
-1.586208E-6
-2.843994E-5
2.953970E-5
6.752498E-4
2.956357E-4
7.136995E-4
8.052463E-4
7.198026E-4
8.552918E-4
5.928577E-4
7.344501E-4
1.906621E-4
5.147377E-4
8.385747E-5
1.723527E-4
-1.175455E-4
-3.881524E-5
-1.132733E-4
3.259126E-5
8.202654E-5
4.213600E-4
5.342677E-4
5.928577E-4
9.779646E-4
1.056695E-3
7.332294E-4
8.900796E-4
9.797955E-4
2.663408E-4
6.660951E-4
1.943239E-4
2.447280E-7
-1.578261E-4
-3.207794E-4
-2.261810E-4
-1.028980E-4
-1.358548E-4
3.755866E-4
2.343658E-5
3.938960E-4
7.454357E-4
4.836118E-4
7.399429E-4
3.945063E-4
6.758601E-4
1.125421E-4
3.414091E-4
-8.458864E-5
-1.267002E-4
-2.585276E-4
-2.206882E-4
-4.275840E-4
-6.811022E-5
-5.834522E-5
3.015002E-5
3.365266E-4
3.255410E-4
7.539800E-4
7.344501E-4
5.452533E-4
4.561478E-4
9.370736E-4
1.235278E-4
4.579787E-4
1.400062E-4
-4.064618E-5
3.503251E-5
-2.145851E-4
2.447280E-7
-1.135120E-5
1.611284E-5
6.862354E-4
4.543169E-4
7.393326E-4
1.037775E-3
7.832750E-4
1.144580E-3
7.545904E-4
1.313636E-3
3.664319E-4
3.517844E-4
4.042713E-4
1.119318E-4
-3.393274E-5
-7.909583E-5
-2.432698E-4
8.385747E-5
-1.309724E-4
1.314618E-4
4.091538E-4
9.606371E-5
8.699393E-4
6.007917E-4
5.934680E-4
6.099464E-4
7.942606E-4
1.088803E-4
3.011285E-4
3.182173E-4
-1.623370E-5
-1.865107E-4
-3.958478E-4
-1.694220E-4
-9.191238E-5
-3.149150E-5
2.272808E-4
3.450710E-4
5.330471E-4
8.687187E-4
6.154392E-4
1.023738E-3
5.434224E-4
9.608758E-4
2.547448E-4
2.046992E-4
3.774175E-4
-2.701235E-4
-2.518141E-4
-3.860828E-4
-4.611511E-4
-5.346273E-5
-4.501655E-4
-2.133645E-4
3.914547E-4
-3.637399E-5
5.702761E-4
3.243204E-4
5.971299E-4
3.090626E-4
5.415915E-4
1.534330E-4
-1.926139E-4
-7.604427E-5
-2.627997E-4
-6.393622E-4
-6.375313E-4
-4.654233E-4
-8.456477E-4
-4.446727E-4
-3.805900E-4
-3.393274E-5
-5.895554E-5
2.388767E-4
1.894414E-4
4.317353E-4
1.888311E-4
6.227630E-4
-2.957566E-4
-2.294713E-5
6.310686E-5
-4.294149E-4
-3.940168E-4
-5.679557E-4
-4.532171E-4
-3.049113E-4
-4.611511E-4
-1.321930E-4
2.687820E-4
8.385747E-5
6.026227E-4
3.646010E-4
6.856251E-4
6.288661E-4
6.062845E-4
3.493432E-4
2.077508E-4
2.883120E-4
-3.942555E-5
-3.012494E-4
-3.860828E-4
-1.859004E-4
-5.594114E-4
-2.151954E-4
-2.206882E-4
3.560566E-4
1.973755E-4
4.006094E-4
5.312162E-4
7.228541E-4
4.073228E-4
1.015194E-3
3.206585E-4
1.754043E-4
5.177893E-4
-1.889520E-4
2.089714E-4
-3.012494E-4
-8.275770E-5
-2.536451E-4
-7.543396E-5
2.700026E-4
4.842221E-4
3.487329E-4
8.748218E-4
6.374105E-4
1.095755E-3
9.144921E-4
9.041168E-4
9.175437E-4
2.156849E-4
5.238924E-4
9.057090E-5
6.310686E-5
-3.177278E-4
-1.895623E-4
-3.635012E-4
-2.060407E-4
-2.233682E-5
3.884032E-4
1.058287E-4
5.397605E-4
6.184908E-4
6.441239E-4
4.695747E-4
5.873649E-4
3.261513E-4
5.334187E-5
2.968564E-4
-5.758898E-4
-2.566966E-4
-4.812914E-4
-4.165984E-4
-5.429330E-4
-3.616703E-4
-2.627997E-4
1.369546E-4
-1.852901E-4
3.182173E-4
2.175158E-4
5.537977E-4
4.054919E-4
2.455902E-4
5.843133E-4
-1.267002E-4
1.198659E-4
-4.391799E-4
-1.523333E-4
-3.946271E-4
-4.654233E-4
-4.422315E-4
-1.376858E-4
-2.292326E-4
3.700938E-4
-4.637768E-6
4.421106E-4
7.387222E-4
6.374105E-4
3.572772E-4
6.477858E-4
4.476034E-4
6.920998E-5
2.742748E-4
-1.144939E-4
-7.689328E-6
-4.580996E-4
-3.311547E-4
-4.965492E-4
-2.255707E-4
-1.553848E-4
1.406165E-4
-4.919054E-5
3.493432E-4
3.786382E-4
5.147377E-4
4.518756E-4
3.554463E-4
6.514476E-4
-8.825051E-5
8.568841E-5
2.831908E-5
-1.724736E-4
-4.611511E-4
-3.445816E-4
-3.647218E-4
-7.482365E-5
-1.163249E-4
2.108024E-4
2.523036E-4
5.806514E-4
8.815353E-4
6.966107E-4
7.448254E-4
9.102199E-4
9.700305E-4
1.699115E-4
4.604200E-4
1.503815E-4
2.437592E-4
-6.994115E-5
-2.310635E-4
4.296657E-5
9.484309E-5
4.784906E-5
4.555375E-4
3.774175E-4
6.599920E-4
8.400340E-4
6.892870E-4
8.571228E-4
6.703673E-4
9.651480E-4
1.033875E-4
2.181261E-4
2.108024E-4
-1.413477E-4
-3.024700E-4
-3.537362E-4
-5.111967E-4
-6.444834E-5
-3.287134E-4
1.119318E-4
3.206585E-4
1.717424E-4
7.777822E-4
4.744572E-4
7.625244E-4
5.049728E-4
7.008829E-4
2.465721E-5
2.803779E-4
8.629872E-5
-1.633189E-4
-3.598394E-4
-5.850445E-4
-5.423226E-4
-2.426594E-4
-3.342062E-4
-1.529436E-4
1.101009E-4
3.442220E-5
4.683540E-4
2.822089E-4
5.281646E-4
2.553551E-4
7.082066E-4
2.404690E-5
1.320721E-4
4.052532E-5
-1.706426E-4
-3.836415E-4
-4.257530E-4
-4.336871E-4
-1.328033E-4
-3.476331E-4
-2.806832E-6
1.699115E-4
1.186453E-4
6.856251E-4
3.670422E-4
5.983505E-4
3.926753E-4
6.178805E-4
-7.482365E-5
8.935028E-5
8.550400E-7
-1.810179E-4
-3.500744E-4
-4.172087E-4
-1.865107E-4
-2.536451E-4
-1.379245E-5
2.077508E-4
4.781190E-4
4.366178E-4
8.302690E-4
7.716791E-4
1.118336E-3
7.204129E-4
1.139087E-3
2.480314E-4
5.995711E-4
5.422018E-4
6.347848E-6
9.972558E-5
-2.048201E-4
6.737905E-5
1.149834E-4
7.043061E-5
3.493432E-4
5.507462E-4
4.689643E-4
1.112844E-3
6.422930E-4
1.101858E-3
5.910267E-4
9.102199E-4
4.415003E-4
3.243204E-4
4.891046E-4
-7.604427E-5
-1.590467E-4
-2.908741E-4
-1.932242E-4
-8.909952E-6
-3.637399E-5
7.775435E-5
5.678349E-4
1.845590E-4
7.149201E-4
8.070772E-4
8.778734E-4
5.171790E-4
9.681996E-4
4.768984E-4
3.383576E-4
5.696658E-4
1.000972E-5
-2.172650E-5
-1.315827E-4
-5.407304E-5
-1.053392E-4
-8.702989E-5
1.375649E-4
4.079331E-4
2.431489E-4
8.864178E-4
6.300867E-4
8.998446E-4
5.904164E-4
6.801323E-4
5.208409E-4
1.821177E-4
3.407988E-4
-1.047289E-4
-8.299640E-6
-2.365563E-4
-2.951463E-4
-1.376858E-4
2.447280E-7
6.249655E-5
5.275543E-4
1.448887E-4
6.331383E-4
6.905076E-4
6.856251E-4
3.731454E-4
5.586802E-4
3.133348E-4
2.160565E-5
2.962460E-4
-2.780575E-4
-1.260899E-4
-4.440624E-4
-4.428418E-4
-4.397902E-4
-2.988082E-4
-1.450095E-4
1.790661E-4
-2.066510E-4
5.751586E-4
5.312162E-4
7.765616E-4
5.971299E-4
7.368913E-4
7.277366E-4
2.126333E-4
5.360987E-4
1.064390E-4
5.029031E-5
-2.811091E-4
8.996059E-5
-3.637399E-5
2.162952E-4
1.009462E-4
6.447342E-4
3.530051E-4
8.986240E-4
9.083890E-4
8.876384E-4
7.252954E-4
1.150683E-3
8.851971E-4
1.619774E-4
5.324368E-4
1.241381E-4
1.583155E-4
-2.469316E-4
-5.407304E-5
-6.383803E-5
-3.393274E-5
9.118122E-5
4.054919E-4
2.608480E-4
9.913914E-4
6.728086E-4
8.784837E-4
7.436047E-4
7.979225E-4
8.815353E-4
8.019560E-5
4.543169E-4
1.821177E-4
3.259126E-5
-2.316738E-4
-7.848552E-5
-1.291414E-4
1.192556E-4
-1.590467E-4
5.690555E-4
4.750675E-4
7.082066E-4
9.431768E-4
7.387222E-4
7.838853E-4
9.077787E-4
7.625244E-4
2.590170E-4
4.402797E-4
-3.820493E-5
1.613671E-4
-4.147674E-4
-1.346342E-4
-2.194676E-4
-1.755251E-4
-1.364652E-4
7.043061E-5
2.370458E-4
3.926753E-4
3.798588E-4
5.464740E-4
5.238924E-4
3.786382E-4
6.905076E-4
-1.700323E-4
2.968564E-4
-1.883417E-4
-2.634101E-4
-4.733574E-4
-5.429330E-4
-5.465948E-4
-4.342974E-4
-6.393622E-4
5.273156E-5
-1.273105E-4
8.080591E-5
3.774175E-4
2.059199E-4
3.493432E-4
2.748851E-4
3.719247E-4
-2.725647E-4
5.700374E-5
-2.573069E-4
-2.829400E-4
-6.241044E-4
-3.348166E-4
-4.135468E-4
-3.903550E-4
-1.773561E-4
1.052184E-4
2.437592E-4
3.548360E-4
4.292941E-4
6.679261E-4
8.095184E-4
4.421106E-4
6.544992E-4
-1.013058E-5
3.023492E-4
2.038502E-5
-1.993273E-4
-2.652410E-4
-4.666440E-4
-2.866019E-4
-2.731750E-4
-3.781487E-4
2.352148E-4
2.455902E-4
9.789465E-5
7.051551E-4
6.209320E-4
7.918194E-4
5.196202E-4
8.449165E-4
2.437592E-4
4.122053E-4
1.613671E-4
-1.501307E-5
-3.458022E-4
-2.060407E-4
-2.658513E-4
-3.854725E-4
-1.358548E-4
5.700374E-5
4.445519E-4
1.418371E-4
6.960004E-4
6.898973E-4
8.772631E-4
4.732365E-4
9.810161E-4
2.504726E-4
4.567581E-4
2.309427E-4
3.320158E-5
-4.552867E-5
-1.175455E-4
-1.205970E-4
-2.005479E-4
-4.796992E-5
3.133348E-4
3.664319E-4
6.920998E-5
7.667966E-4
4.805603E-4
9.035065E-4
3.743660E-4
6.813529E-4
1.155937E-4
5.334187E-5
2.709846E-5
-3.195588E-4
-2.933153E-4
-4.458933E-4
-4.703058E-4
-4.397902E-4
-1.132733E-4
-3.271212E-5
2.205674E-4
1.296309E-4
5.879752E-4
6.441239E-4
7.545904E-4
3.395782E-4
7.417738E-4
1.613671E-4
2.046992E-4
7.226154E-5
-1.816282E-4
-2.274016E-4
-4.983802E-4
-4.404005E-4
-3.110144E-4
-3.512950E-4
1.320721E-4
8.629872E-5
8.263685E-5
8.626156E-4
4.482137E-4
7.594729E-4
4.457725E-4
7.667966E-4
4.476034E-4
1.064390E-4
1.845590E-4
-1.822386E-4
-2.298429E-4
-4.208706E-4
-5.392711E-4
-4.721368E-4
-2.621894E-4
-2.188573E-4
4.516912E-6
-9.435363E-5
4.469931E-4
2.407077E-4
3.609391E-4
2.108024E-4
7.057654E-4
4.516912E-6
1.184066E-5
8.690903E-5
-3.305444E-4
-1.767458E-4
-5.435433E-4
-4.190396E-4
-1.321930E-4
-3.494640E-4
-1.077805E-4
1.882208E-4
1.650290E-4
7.942606E-4
4.805603E-4
7.863266E-4
5.183996E-4
8.851971E-4
6.953901E-4
8.629872E-5
4.360075E-4
7.165123E-5
-1.989557E-5
-1.761354E-4
-1.035083E-4
-9.618457E-5
1.916440E-5
-4.186680E-5
5.867546E-4
4.079331E-4
7.960916E-4
7.063757E-4
7.350604E-4
6.758601E-4
8.516300E-4
4.683540E-4
1.015565E-4
3.829104E-4
3.320158E-5
1.062003E-5
-4.355180E-4
-1.346342E-4
-2.487626E-4
-1.761354E-4
-1.675911E-4
2.217880E-4
2.553551E-4
6.172702E-4
3.871825E-4
8.009741E-4
5.678349E-4
7.545904E-4
4.915459E-4
-1.562338E-5
4.854428E-4
-2.806832E-6
-5.346273E-5
-3.384784E-4
-2.841607E-4
-1.248692E-4
-2.023789E-4
-7.238240E-5
5.068037E-4
2.211777E-4
8.028050E-4
6.343589E-4
7.728997E-4
8.296587E-4
9.584346E-4
7.411635E-4
2.083611E-4
6.068949E-4
2.584067E-4
1.552640E-4
-1.157146E-4
-1.102217E-4
-1.175455E-4
3.296288E-6
-9.496394E-5
3.749763E-4
3.346957E-4
5.891958E-4
5.800411E-4
8.931312E-4
5.690555E-4
8.241659E-4
7.649657E-4
-4.919054E-5
6.270352E-4
-3.942555E-5
-6.468704E-6
-3.091835E-4
-2.786679E-4
-1.614880E-4
-1.962757E-4
-9.008145E-5
5.245027E-4
2.315530E-4
6.544992E-4
6.007917E-4
7.448254E-4
8.797043E-4
5.232821E-4
9.541624E-4
1.870002E-4
4.628612E-4
1.357340E-4
1.894414E-4
-3.088118E-5
-2.416775E-5
-2.774472E-4
-1.196151E-5
-3.088118E-5
5.422018E-4
2.053096E-4
4.659128E-4
8.589537E-4
7.155304E-4
7.863266E-4
6.966107E-4
6.874560E-4
7.897498E-5
4.469931E-4
3.442220E-5
-3.417144E-6
-2.310635E-4
-2.725647E-4
-2.554760E-4
-1.212074E-4
-1.065599E-4
2.547448E-4
1.747940E-4
4.653025E-4
8.809249E-4
6.252042E-4
7.252954E-4
5.385399E-4
6.337486E-4
2.730542E-4
4.836118E-4
1.229174E-4
3.198095E-5
-2.475419E-4
-1.102217E-4
-3.787590E-4
4.540782E-5
4.540782E-5
2.950254E-4
5.745483E-4
4.640818E-4
8.589537E-4
8.845868E-4
7.472666E-4
7.332294E-4
1.107351E-3
2.285014E-4
3.285926E-4
2.526752E-5
4.968000E-5
-2.328945E-4
-3.378681E-4
-2.054304E-4
-2.780575E-4
-4.919054E-5
2.815986E-4
1.766249E-4
4.018300E-4
8.583434E-4
5.196202E-4
6.844045E-4
5.153481E-4
8.302690E-4
9.789465E-5
1.516021E-4
-7.848552E-5
-3.759462E-5
-3.116247E-4
-4.391799E-4
-5.649042E-4
-3.409197E-4
-2.249604E-4
1.611284E-5
2.468108E-4
1.393959E-4
6.471754E-4
6.203217E-4
7.124788E-4
6.014020E-4
1.060357E-3
4.479750E-5
4.299044E-4
2.242292E-4
1.583155E-4
4.479750E-5
-2.859916E-4
-1.074089E-5
3.137064E-5
1.058287E-4
4.384487E-4
3.731454E-4
4.457725E-4
8.272175E-4
7.313985E-4
9.096096E-4
4.628612E-4
9.407355E-4
2.181261E-4
3.096729E-4
5.251130E-4
1.611284E-5
-8.909952E-6
-8.886082E-5
-2.310635E-4
1.216968E-4
-7.482365E-5
2.388767E-4
5.550183E-4
3.017389E-4
8.540712E-4
5.562390E-4
8.790940E-4
5.562390E-4
1.003598E-3
4.921562E-4
1.900518E-4
3.261513E-4
1.424474E-4
-2.078717E-4
-1.907829E-4
4.845938E-5
-1.074089E-5
8.996059E-5
2.620686E-4
6.728086E-4
6.252042E-4
8.674981E-4
7.564213E-4
1.110402E-3
7.362810E-4
1.206832E-3
3.249307E-4
3.054007E-4
5.678349E-4
-5.529366E-5
-1.135120E-5
-2.701235E-4
-2.377770E-4
-1.694220E-4
-1.456198E-4
8.996059E-5
4.756778E-4
1.271896E-4
8.339309E-4
4.952078E-4
8.870281E-4
6.117774E-4
7.466563E-4
3.438504E-4
1.900518E-4
3.151657E-4
-6.627928E-5
-2.420491E-4
-4.629821E-4
-4.465037E-4
-2.292326E-4
-7.604427E-5
-2.945360E-4
2.034786E-4
3.686345E-5
5.171790E-4
4.213600E-4
7.167510E-4
2.938048E-4
7.069860E-4
3.005182E-4
1.369546E-4
2.974667E-4
-2.627997E-4
-9.923613E-5
-2.823297E-4
-3.659425E-4
-1.498920E-4
-2.121438E-4
-2.231295E-4
3.884032E-4
1.058287E-4
5.397605E-4
5.544080E-4
6.947798E-4
4.530962E-4
5.806514E-4
3.835207E-4
-5.224210E-5
2.437592E-4
-1.840695E-4
-3.970684E-4
-5.667351E-4
-3.445816E-4
-4.666440E-4
-4.654233E-4
-2.023789E-4
6.310686E-5
-1.596570E-4
4.018300E-4
2.358252E-4
5.824824E-4
3.108935E-4
3.853516E-4
2.553551E-4
-1.926139E-4
2.785470E-4
-3.921859E-4
-3.573981E-4
-4.135468E-4
-4.690852E-4
-3.873034E-4
-1.523333E-4
-2.554760E-4
3.877928E-4
5.822437E-5
7.259057E-4
7.277366E-4
6.721982E-4
7.295676E-4
6.587714E-4
6.465651E-4
1.369546E-4
4.653025E-4
-1.163249E-4
-3.759462E-5
-3.921859E-4
-1.035083E-4
-2.566966E-4
3.991501E-5
-1.718633E-4
4.329559E-4
2.870914E-4
6.599920E-4
6.996623E-4
8.369825E-4
5.812618E-4
6.947798E-4
8.150112E-4
1.062003E-5
3.884032E-4
-1.867494E-5
4.906969E-5
-2.721931E-5
7.165123E-5
-3.018597E-4
-1.196151E-5
-3.149150E-5
4.994799E-4
1.296309E-4
7.741203E-4
7.851060E-4
7.362810E-4
6.740292E-4
8.052463E-4
8.314897E-4
7.836466E-5
3.761969E-4
-3.454306E-5
9.484309E-5
-3.024700E-4
-2.969772E-4
-4.892255E-4
-7.238240E-5
-6.017616E-5
1.912724E-4
1.680805E-4
5.507462E-4
5.934680E-4
7.057654E-4
5.830927E-4
6.276455E-4
7.802235E-4
2.437592E-4
5.415915E-4
-1.395167E-4
1.509918E-4
-2.280120E-4
-3.213897E-4
-2.652410E-4
-2.902638E-4
-2.951463E-4
6.982030E-5
-5.407304E-5
2.303324E-4
4.317353E-4
4.976490E-4
5.055831E-4
2.114127E-4
6.392414E-4
-1.108321E-4
7.897498E-5
-1.074089E-5
-1.871211E-4
-4.275840E-4
-3.915756E-4
-3.573981E-4
-2.274016E-4
-6.688959E-5
2.529139E-4
2.669511E-4
5.257234E-4
8.015844E-4
4.262425E-4
6.905076E-4
6.203217E-4
7.875472E-4
-2.538838E-5
1.888311E-4
-7.543396E-5
-1.279208E-4
-2.347254E-4
-5.600217E-4
-4.410108E-4
-2.237398E-4
-2.701235E-4
7.104092E-5
6.127593E-5
1.534330E-4
5.782102E-4
4.866634E-4
6.056742E-4
4.622509E-4
7.204129E-4
-1.413477E-4
2.095817E-4
1.827280E-4
-3.140660E-4
-2.603585E-4
-5.581908E-4
-5.716176E-4
-1.651498E-4
-2.689029E-4
2.075664E-6
9.850496E-5
2.846501E-4
7.149201E-4
4.591994E-4
7.362810E-4
5.232821E-4
6.068949E-4
1.357340E-4
2.809882E-4
2.297220E-4
-1.315827E-4
-1.498920E-4
-3.921859E-4
-2.298429E-4
-1.730839E-4
-6.200710E-5
9.728434E-5
3.847413E-4
3.548360E-4
8.186731E-4
7.173613E-4
9.102199E-4
7.722894E-4
1.135425E-3
3.505638E-4
5.586802E-4
4.695747E-4
5.334187E-5
6.554811E-5
-2.316738E-4
-1.456198E-4
2.099534E-5
-9.679488E-5
1.229174E-4
3.749763E-4
8.263685E-5
8.131803E-4
4.921562E-4
6.050639E-4
4.372281E-4
6.239836E-4
1.735733E-4
1.894414E-4
1.577052E-4
-1.389064E-4
-2.719544E-4
-3.433609E-4
-1.682014E-4
-2.804988E-4
-1.376858E-4
1.143731E-4
2.779367E-4
1.888311E-4
6.081155E-4
5.721071E-4
7.375016E-4
4.360075E-4
7.222438E-4
1.363443E-4
1.204762E-4
2.651201E-4
-3.287134E-4
-2.975875E-4
-4.684749E-4
-4.611511E-4
-3.525156E-4
-1.944448E-4
-1.028980E-4
4.103744E-4
1.094906E-4
7.509285E-4
5.641730E-4
8.247762E-4
4.573684E-4
8.211144E-4
3.792485E-4
2.407077E-4
2.333839E-4
-6.139678E-5
-1.181558E-4
-3.512950E-4
-2.029892E-4
-3.708250E-4
-1.749148E-4
-1.431786E-4
3.194379E-4
3.298132E-4
5.672246E-4
5.562390E-4
8.223350E-4
4.085435E-4
9.633171E-4
4.347869E-4
1.186453E-4
3.829104E-4
-1.596570E-4
-4.027456E-6
-2.847710E-4
-1.614880E-4
-2.573069E-4
-3.073525E-4
-1.928526E-5
5.104656E-4
1.611284E-5
8.162319E-4
5.910267E-4
8.674981E-4
6.410723E-4
7.198026E-4
6.898973E-4
1.259690E-4
3.530051E-4
9.423278E-5
-1.440276E-5
-2.457110E-4
-2.756163E-4
-3.793693E-4
8.178784E-6
-2.255707E-4
2.864811E-4
1.162040E-4
4.506550E-4
5.971299E-4
5.312162E-4
3.041801E-4
7.033242E-4
3.523948E-4
-1.440276E-5
1.558743E-4
-1.877314E-4
-1.669808E-4
-4.684749E-4
-4.269737E-4
-3.317650E-4
-2.109232E-4
-2.194676E-4
2.516933E-4
7.897498E-5
6.538889E-4
4.451622E-4
6.221527E-4
4.402797E-4
5.324368E-4
5.922474E-4
-4.125649E-5
1.924930E-4
-1.077805E-4
-1.450095E-4
-4.281943E-4
-2.487626E-4
-4.245324E-4
-1.126630E-4
-2.585276E-4
1.558743E-4
2.953970E-5
3.670422E-4
4.842221E-4
5.257234E-4
3.530051E-4
5.739380E-4
4.280734E-4
-1.547745E-4
6.066562E-5
-3.006391E-4
-1.004568E-4
-6.161704E-4
-5.642939E-4
-3.036906E-4
-4.202602E-4
-1.846798E-4
2.663408E-4
-6.444834E-5
5.220615E-4
5.379296E-4
4.415003E-4
5.696658E-4
6.898973E-4
5.684452E-4
-1.950551E-4
4.512653E-4
-6.811022E-5
-1.382961E-4
-2.975875E-4
-3.720456E-4
-3.995096E-4
2.770877E-5
-3.622806E-4
2.040889E-4
2.321633E-4
5.220615E-4
7.790028E-4
7.484872E-4
6.923385E-4
7.649657E-4
8.571228E-4
2.089714E-4
5.531874E-4
1.467196E-4
8.568841E-5
-2.200779E-4
-1.865107E-4
4.296657E-5
-9.984644E-5
-7.116178E-5
3.029595E-4
3.371370E-4
6.660951E-4
6.465651E-4
6.685364E-4
7.808338E-4
4.402797E-4
9.358530E-4
-1.562338E-5
5.055831E-4
1.729630E-4
-1.480611E-4
-2.701235E-4
-7.970614E-5
-1.187661E-4
-9.191238E-5
-2.432698E-4
4.366178E-4
3.090626E-4
3.090626E-4
8.137906E-4
5.629524E-4
8.302690E-4
5.678349E-4
7.448254E-4
8.873997E-5
3.841310E-4
1.442784E-4
-8.153708E-5
-3.628909E-4
-2.548657E-4
-1.999376E-4
-1.443992E-4
-1.871211E-4
2.126333E-4
4.054919E-4
4.775087E-4
7.899885E-4
6.758601E-4
6.978313E-4
4.347869E-4
6.252042E-4
-1.199867E-4
2.462005E-4
-5.468335E-5
-4.190396E-4
-2.994185E-4
-5.893167E-4
-4.410108E-4
-3.091835E-4
-3.476331E-4
-4.308742E-5
2.651201E-4
1.489222E-5
5.977402E-4
4.921562E-4
7.881575E-4
2.559655E-4
8.388134E-4
2.761058E-4
2.297220E-4
2.272808E-4
-2.627997E-4
-3.262722E-4
-1.926139E-4
-3.293238E-4
-2.225192E-4
-1.907829E-4
1.393959E-4
3.975578E-4
2.590170E-4
9.077787E-4
6.892870E-4
1.001767E-3
5.495255E-4
1.042658E-3
4.939871E-4
5.769896E-4
3.609391E-4
4.784906E-5
2.022580E-4
2.685976E-6
-5.858392E-6
3.442220E-5
2.443695E-4
4.231909E-4
6.868457E-4
4.463828E-4
9.901708E-4
6.746395E-4
1.029841E-3
6.471754E-4
1.120778E-3
4.689643E-4
2.968564E-4
2.272808E-4
8.263685E-5
-2.843994E-5
-1.303620E-4
-1.797973E-4
-1.700323E-4
9.118122E-5
1.009462E-4
4.860531E-4
1.882208E-4
8.308794E-4
7.582522E-4
7.350604E-4
4.866634E-4
8.467475E-4
2.431489E-4
1.735733E-4
1.516021E-4
-1.608776E-4
-6.322772E-5
-4.367387E-4
-2.756163E-4
-2.432698E-4
-1.273105E-4
4.113563E-5
2.297220E-4
8.324716E-5
6.990520E-4
4.500447E-4
7.143098E-4
3.829104E-4
7.082066E-4
3.395782E-4
-1.828489E-4
1.503815E-4
-3.183381E-4
-2.933153E-4
-6.143395E-4
-6.149498E-4
-6.021332E-4
-3.244413E-4
-4.196499E-4
-1.596570E-4
-2.371666E-4
3.584979E-4
2.016477E-4
3.676526E-4
2.321633E-4
6.227630E-4
7.470279E-5
-2.451007E-4
8.996059E-5
-4.050024E-4
-3.555672E-4
-6.924594E-4
-5.874857E-4
-5.172998E-4
-4.233118E-4
-2.682926E-4
9.301215E-5
-1.468405E-4
4.854428E-4
2.089714E-4
5.245027E-4
3.792485E-4
4.933768E-4
3.780279E-4
-1.804076E-4
2.681717E-4
-1.669808E-4
-1.633189E-4
-4.104952E-4
-2.469316E-4
-3.580084E-4
-1.096114E-4
-1.889520E-4
4.683540E-4
3.137064E-5
6.911179E-4
5.306059E-4
6.532786E-4
5.794308E-4
7.814441E-4
5.739380E-4
1.339031E-4
4.323456E-4
-6.688959E-5
2.831908E-5
-1.199867E-4
-1.700323E-4
-1.633189E-4
7.348217E-5
-2.477806E-5
5.721071E-4
4.683540E-4
6.624332E-4
8.028050E-4
9.016756E-4
8.742115E-4
1.004818E-3
7.216335E-4
3.145554E-4
7.161407E-4
2.565758E-4
1.912724E-4
-4.247711E-5
-1.806463E-5
-2.806832E-6
2.761058E-4
1.729630E-4
6.233733E-4
5.660040E-4
8.711600E-4
8.406444E-4
1.007870E-3
1.081107E-3
8.864178E-4
9.230365E-4
4.555375E-4
6.276455E-4
1.772352E-4
1.656393E-4
-1.688117E-4
-7.482365E-5
-2.518141E-4
-1.297517E-4
-1.340239E-4
2.986873E-4
2.474211E-4
4.457725E-4
4.158672E-4
6.892870E-4
4.653025E-4
4.463828E-4
5.861442E-4
-1.395167E-4
2.834295E-4
-8.702989E-5
-2.823297E-4
-4.733574E-4
-5.954198E-4
-5.795517E-4
-3.976787E-4
-4.404005E-4
1.155937E-4
-5.529366E-5
1.589258E-4
4.311250E-4
2.870914E-4
4.408900E-4
2.608480E-4
4.671334E-4
-7.726490E-5
8.019560E-5
-2.359460E-4
-3.183381E-4
-4.526068E-4
-4.934977E-4
-6.533994E-4
-4.440624E-4
-3.732662E-4
-3.027087E-5
8.873997E-5
1.430577E-4
5.312162E-4
6.050639E-4
6.184908E-4
3.975578E-4
9.230365E-4
1.977471E-5
2.889223E-4
-1.379245E-5
-1.700323E-4
-1.974964E-4
-4.263634E-4
-4.605408E-4
-3.427506E-4
-3.970684E-4
1.723527E-4
5.578312E-5
2.004271E-4
6.233733E-4
3.926753E-4
7.149201E-4
3.505638E-4
7.356707E-4
2.382664E-4
2.114127E-4
4.479750E-5
5.578312E-5
-3.079628E-4
-1.669808E-4
-1.535539E-4
-1.205970E-4
-5.248080E-6
2.449798E-4
3.884032E-4
4.494344E-4
7.509285E-4
7.838853E-4
7.558110E-4
5.354884E-4
1.056084E-3
9.301215E-5
3.365266E-4
1.760146E-4
-2.538838E-5
-4.430805E-5
-2.438801E-4
-3.256619E-4
-1.303620E-4
-2.383873E-4
2.455902E-4
3.298132E-4
3.749763E-4
9.230365E-4
5.928577E-4
7.619141E-4
6.386311E-4
9.419561E-4
2.681717E-4
2.272808E-4
2.413180E-4
1.021668E-4
-2.829400E-4
-2.707338E-4
-3.122350E-4
-1.859004E-4
-8.299640E-6
8.568841E-5
2.858707E-4
2.010374E-4
6.966107E-4
5.745483E-4
7.759513E-4
5.348780E-4
1.021907E-3
1.418371E-4
2.260602E-4
1.998168E-4
-4.858023E-5
-2.487626E-4
-5.887064E-4
-1.816282E-4
-2.707338E-4
-3.030803E-4
3.503251E-5
1.595362E-4
3.023492E-4
7.051551E-4
3.279823E-4
7.820544E-4
3.340854E-4
7.826647E-4
1.082700E-4
-7.689328E-6
2.352148E-4
-1.688117E-4
-4.367387E-4
-3.909653E-4
-4.880049E-4
-2.908741E-4
-3.641115E-4
-2.670719E-4
2.931945E-4
4.906969E-5
5.055831E-4
3.682629E-4
5.245027E-4
4.030506E-4
7.277366E-4
3.296288E-6
-7.421334E-5
3.237101E-4
-1.108321E-4
-2.664616E-4
-5.728382E-4
-1.901726E-4
-2.377770E-4
-1.785767E-4
1.184066E-5
3.108935E-4
2.919739E-4
8.668878E-4
4.140363E-4
9.212055E-4
6.575508E-4
7.515388E-4
4.506550E-4
5.090062E-5
5.849236E-4
5.700374E-5
-1.376858E-4
-1.688117E-4
-2.078717E-4
-8.764020E-5
-7.970614E-5
-3.177278E-4
6.221527E-4
2.681717E-4
6.368001E-4
7.326191E-4
8.290484E-4
6.081155E-4
8.162319E-4
4.433312E-4
2.028683E-4
4.567581E-4
7.653373E-5
-2.188573E-4
-3.543465E-4
-1.688117E-4
-1.761354E-4
-1.553848E-4
1.198659E-4
4.061022E-4
2.577964E-4
7.716791E-4
5.519668E-4
8.620053E-4
7.411635E-4
5.946886E-4
5.483049E-4
4.845938E-5
3.932857E-4
-6.505866E-5
-1.126630E-4
-2.866019E-4
-2.182470E-4
-2.658513E-4
-3.576368E-5
-1.224280E-4
5.238924E-4
1.967652E-4
6.355795E-4
6.691467E-4
7.808338E-4
7.588625E-4
6.984417E-4
6.721982E-4
2.120230E-4
4.280734E-4
-7.787521E-5
5.090062E-5
-3.464125E-4
-3.140660E-4
-2.237398E-4
-5.712460E-5
-2.111619E-5
2.199570E-4
1.461093E-4
6.026227E-4
6.667054E-4
7.783925E-4
6.148289E-4
4.976490E-4
7.429944E-4
-6.994115E-5
2.925842E-4
-1.242589E-4
-2.355744E-5
-3.946271E-4
-2.499832E-4
-1.901726E-4
3.991501E-5
-8.336802E-5
4.122053E-4
2.260602E-4
5.049728E-4
8.162319E-4
6.990520E-4
6.880664E-4
7.582522E-4
7.484872E-4
1.192556E-4
4.415003E-4
3.991501E-5
9.423278E-5
-3.158969E-4
-2.634101E-4
-2.908741E-4
-1.810179E-4
-2.599869E-5
8.751934E-5
1.076596E-4
3.359163E-4
5.678349E-4
6.233733E-4
5.037521E-4
5.360987E-4
7.393326E-4
-5.590398E-5
3.273720E-4
-1.230383E-4
-4.186680E-5
-3.580084E-4
-4.391799E-4
-3.213897E-4
-1.425683E-4
-2.426594E-4
3.633804E-4
4.845938E-5
3.591082E-4
6.160495E-4
5.019212E-4
5.446430E-4
4.073228E-4
8.046359E-4
-1.144939E-4
1.491609E-4
8.789096E-6
-2.029892E-4
-4.294149E-4
-2.981978E-4
-3.854725E-4
-2.566966E-4
-6.078647E-5
1.851693E-4
1.937136E-4
4.311250E-4
6.856251E-4
7.503182E-4
6.441239E-4
5.690555E-4
8.058566E-4
4.540782E-5
4.579787E-4
3.296288E-6
7.165123E-5
-2.414388E-4
-5.142483E-4
-2.603585E-4
-1.932242E-4
-2.194676E-4
2.773264E-4
5.578312E-5
3.292029E-4
5.995711E-4
4.231909E-4
5.910267E-4
3.121142E-4
7.893781E-4
-3.417144E-6
4.601813E-5
1.229174E-4
-3.390887E-4
-3.793693E-4
-3.573981E-4
-5.014317E-4
-1.285311E-4
-2.005479E-4
4.479750E-5
3.700938E-4
2.510830E-4
8.095184E-4
6.880664E-4
6.972210E-4
6.038433E-4
8.382031E-4
1.821177E-4
4.036610E-4
1.015565E-4
2.221596E-5
-2.188573E-4
-3.232206E-4
2.447280E-7
-1.639292E-4
-9.923613E-5
2.455902E-4
2.779367E-4
4.122053E-4
7.899885E-4
6.276455E-4
8.668878E-4
3.798588E-4
1.054254E-3
2.852604E-4
4.122053E-4
3.273720E-4
-1.187661E-4
-1.804076E-4
-1.736942E-4
-1.028980E-4
-6.872053E-5
-2.664616E-4
6.676874E-5
4.146466E-4
2.089714E-4
9.218158E-4
4.878840E-4
6.099464E-4
6.123877E-4
7.063757E-4
1.851693E-4
2.913636E-4
-6.505866E-5
-1.633189E-4
-3.714353E-4
-3.488537E-4
-2.884328E-4
-3.659425E-4
-2.493729E-4
-8.702989E-5
3.743660E-4
2.486417E-4
5.330471E-4
5.489152E-4
7.045448E-4
4.231909E-4
7.973122E-4
4.845938E-5
1.863899E-4
2.193467E-4
-2.676822E-4
-2.090923E-4
-2.859916E-4
-4.373490E-4
-3.799796E-4
-4.794605E-4
-1.273105E-4
2.462005E-4
-1.620983E-4
5.635627E-4
3.774175E-4
6.575508E-4
5.165687E-4
5.092449E-4
1.680805E-4
7.409248E-5
7.226154E-5
-1.041186E-4
-1.620983E-4
-5.172998E-4
-3.195588E-4
-3.396991E-4
-5.590398E-5
2.709846E-5
2.822089E-4
1.247484E-4
7.533697E-4
6.349692E-4
8.589537E-4
6.142186E-4
7.777822E-4
4.530962E-4
2.126333E-4
4.964284E-4
-1.517230E-4
-2.806832E-6
-3.116247E-4
-8.825051E-5
-8.580926E-5
-3.332243E-5
7.104092E-5
5.312162E-4
2.303324E-4
8.778734E-4
6.563301E-4
8.888590E-4
5.287749E-4
8.375928E-4
6.142186E-4
2.608480E-4
3.719247E-4
-1.501307E-5
-1.013058E-5
-3.207794E-4
-1.877314E-4
-2.927050E-4
-6.078647E-5
-8.947114E-5
4.787293E-4
2.101921E-4
4.884943E-4
6.856251E-4
7.082066E-4
5.135171E-4
9.138818E-4
5.245027E-4
-2.782962E-5
3.987785E-4
-1.077805E-4
-4.003586E-5
-4.373490E-4
-3.848621E-4
-1.596570E-4
-1.126630E-4
1.306128E-5
2.584067E-4
8.568841E-5
6.978313E-4
6.624332E-4
7.905988E-4
6.398517E-4
6.825735E-4
7.033242E-4
6.127593E-5
4.640818E-4
-1.928526E-5
2.831908E-5
-3.677734E-4
-2.542554E-4
-3.988993E-4
-1.163249E-4
-2.701235E-4
1.650290E-4
1.393959E-4
4.634715E-4
5.891958E-4
5.080243E-4
3.035698E-4
5.196202E-4
4.982593E-4
-2.402182E-4
1.540434E-4
-3.519053E-4
-2.084820E-4
-6.515685E-4
-7.937712E-4
-3.732662E-4
-4.654233E-4
-4.996008E-4
1.265793E-4
-2.560863E-4
4.891046E-4
4.250219E-4
2.828192E-4
4.512653E-4
3.652113E-4
4.622509E-4
-3.244413E-4
-2.660900E-5
-2.371666E-4
-3.006391E-4
-5.472051E-4
-5.362195E-4
-6.247148E-4
-2.432698E-4
-6.125085E-4
2.709846E-5
-4.247711E-5
7.470279E-5
4.781190E-4
3.200482E-4
2.449798E-4
4.848325E-4
5.409812E-4
-2.701235E-4
1.863899E-4
-1.944448E-4
-2.463213E-4
-6.479066E-4
-5.789414E-4
-5.215720E-4
-2.786679E-4
-3.067422E-4
1.357340E-4
8.789096E-6
5.476946E-4
4.122053E-4
3.475123E-4
5.135171E-4
4.164775E-4
6.294764E-4
-1.486714E-4
1.607568E-4
-6.261741E-5
-1.285311E-4
-3.940168E-4
-2.402182E-4
-3.506847E-4
-7.604427E-5
-3.018597E-4
2.669511E-4
3.804691E-4
4.244116E-4
7.875472E-4
6.294764E-4
9.450077E-4
7.790028E-4
8.571228E-4
3.023492E-4
6.404620E-4
1.784558E-4
1.583155E-4
-1.749148E-4
-2.646307E-4
-1.871211E-4
-1.511126E-4
-1.773561E-4
2.663408E-4
2.419283E-4
1.967652E-4
5.971299E-4
5.647833E-4
7.619141E-4
6.276455E-4
8.693290E-4
-3.637399E-5
5.708864E-4
1.686908E-4
-2.196520E-6
3.906600E-6
-2.103129E-4
-2.212985E-4
-1.989557E-5
-1.859004E-4
2.156849E-4
3.664319E-4
2.883120E-4
6.831839E-4
6.783014E-4
9.523314E-4
5.122965E-4
7.698482E-4
1.442784E-4
4.494344E-4
2.382664E-4
-2.172650E-5
-2.280120E-4
-4.919054E-5
-2.200779E-4
-2.371666E-4
-4.613898E-5
2.510830E-4
4.781190E-4
3.670422E-4
6.398517E-4
6.538889E-4
8.833662E-4
4.024403E-4
9.639274E-4
2.065302E-4
3.469019E-4
1.851693E-4
-1.285311E-4
-4.552867E-5
-1.511126E-4
-1.791870E-4
-6.078647E-5
-2.060407E-4
3.487329E-4
5.550183E-4
2.089714E-4
9.230365E-4
5.586802E-4
9.779646E-4
7.216335E-4
8.241659E-4
4.469931E-4
2.608480E-4
2.956357E-4
1.794378E-5
-2.243501E-4
-1.566055E-4
-1.761354E-4
-1.431786E-4
-6.468704E-6
1.863899E-4
5.397605E-4
4.042713E-4
7.179716E-4
7.674069E-4
1.026790E-3
6.093361E-4
1.069511E-3
4.024403E-4
4.122053E-4
6.081155E-4
-2.477806E-5
1.650290E-4
-3.128453E-4
-2.945360E-4
-1.745432E-5
-4.980086E-5
-1.285311E-4
3.035698E-4
-2.477806E-5
7.008829E-4
5.354884E-4
7.307882E-4
4.415003E-4
6.209320E-4
4.720159E-4
1.107112E-4
2.498623E-4
6.737905E-5
-2.316738E-4
-3.470228E-4
-1.205970E-4
-4.379593E-4
-1.810179E-4
-6.383803E-5
1.906621E-4
2.120230E-4
6.740292E-4
6.129980E-4
6.117774E-4
4.732365E-4
9.620964E-4
3.127245E-4
1.489222E-5
3.621597E-4
-1.877314E-4
-9.758960E-7
-2.280120E-4
-3.512950E-4
-1.334136E-4
-2.072614E-4
6.347848E-6
3.963372E-4
1.668599E-4
7.484872E-4
5.342677E-4
6.532786E-4
5.660040E-4
6.471754E-4
5.458637E-4
-8.825051E-5
1.613671E-4
-7.665458E-5
-2.188573E-4
-4.397902E-4
-4.111056E-4
-2.713441E-4
-1.657601E-4
-1.950551E-4
2.669511E-4
-3.655840E-7
5.580699E-4
5.220615E-4
5.891958E-4
2.828192E-4
5.794308E-4
4.665231E-4
-1.535539E-4
3.542257E-4
-2.756163E-4
-8.275770E-5
-3.470228E-4
-3.842518E-4
-1.547745E-4
-6.322772E-5
-1.334136E-4
3.774175E-4
1.790661E-4
7.637450E-4
8.711600E-4
7.619141E-4
7.802235E-4
8.205041E-4
9.047271E-4
2.608480E-4
5.757689E-4
1.424474E-4
-7.299271E-5
-1.846798E-4
-1.675911E-4
-1.419580E-4
8.141622E-5
-1.865107E-4
4.469931E-4
4.018300E-4
8.015844E-4
7.899885E-4
7.423841E-4
6.520579E-4
8.552918E-4
9.096096E-4
3.381189E-5
4.988696E-4
6.798936E-5
7.470279E-5
-2.725647E-4
-8.886082E-5
-2.627997E-4
-1.620983E-4
-4.552867E-5
3.548360E-4
1.076596E-4
6.105567E-4
6.038433E-4
7.436047E-4
5.922474E-4
7.490976E-4
8.790940E-4
-9.923613E-5
4.903253E-4
8.019560E-5
-1.138836E-4
-6.383803E-5
-2.512038E-4
-3.653322E-4
-1.267002E-4
-1.895623E-4
4.109847E-4
2.101921E-4
2.931945E-4
7.912091E-4
5.837030E-4
6.844045E-4
5.007006E-4
4.897150E-4
4.052532E-5
3.658216E-4
-1.379245E-5
-5.041117E-5
-2.078717E-4
-2.414388E-4
-2.670719E-4
-2.274016E-4
-2.172650E-5
1.985961E-4
2.968564E-4
4.415003E-4
5.415915E-4
7.130891E-4
5.971299E-4
4.390591E-4
8.967931E-4
1.977471E-5
4.408900E-4
-6.139678E-5
-1.230383E-4
-6.872053E-5
-3.531259E-4
-2.005479E-4
-1.663704E-4
-1.120527E-4
4.134260E-4
1.900518E-4
4.830015E-4
1.076835E-3
6.282558E-4
1.032282E-3
5.849236E-4
7.460460E-4
3.530051E-4
4.152569E-4
6.371718E-5
6.127593E-5
-1.517230E-4
-1.413477E-4
-2.328945E-4
-2.023789E-4
1.607568E-4
2.535242E-4
3.957269E-4
3.871825E-4
7.436047E-4
9.474490E-4
6.386311E-4
4.811706E-4
8.876384E-4
9.362246E-5
5.068037E-4
2.211777E-4
-2.017685E-4
-6.688959E-5
-4.068334E-4
-2.835504E-4
-2.097026E-4
-1.944448E-4
2.425386E-4
1.229174E-4
2.346045E-4
8.259969E-4
6.380208E-4
7.613038E-4
4.561478E-4
9.205952E-4
2.700026E-4
2.822089E-4
2.541345E-4
6.982030E-5
-1.730839E-4
-2.133645E-4
-1.999376E-4
-1.248692E-4
1.308515E-4
2.828192E-4
4.042713E-4
3.047904E-4
7.790028E-4
7.246851E-4
7.173613E-4
5.055831E-4
8.369825E-4
1.143731E-4
1.937136E-4
6.188624E-5
-1.022877E-4
-2.420491E-4
-4.538274E-4
-1.669808E-4
-1.511126E-4
-2.676822E-4
7.043061E-5
5.822437E-5
6.188624E-5
6.099464E-4
4.067125E-4
6.776910E-4
2.968564E-4
5.220615E-4
-1.083908E-4
-1.151042E-4
1.253587E-4
-3.012494E-4
-5.765001E-4
-4.330768E-4
-6.039642E-4
-3.281031E-4
-2.786679E-4
-3.299341E-4
2.486417E-4
5.456250E-5
7.454357E-4
3.255410E-4
5.788205E-4
3.945063E-4
7.552007E-4
1.192556E-4
8.873997E-5
2.221596E-5
-1.364652E-4
-3.927962E-4
-5.179102E-4
-2.994185E-4
-2.658513E-4
-2.670719E-4
-1.285311E-4
2.010374E-4
2.468108E-4
7.527594E-4
3.957269E-4
8.198937E-4
4.451622E-4
7.790028E-4
2.736645E-4
1.894414E-4
3.157760E-4
-5.651429E-5
-2.420491E-4
-3.445816E-4
-3.055216E-4
-1.492817E-4
-2.475419E-4
-7.116178E-5
5.867546E-4
9.667402E-5
6.978313E-4
6.575508E-4
7.277366E-4
6.599920E-4
7.259057E-4
3.359163E-4
1.686908E-4
3.054007E-4
3.808407E-5
-2.151954E-4
-3.476331E-4
-6.811022E-5
-3.897446E-4
-1.273105E-4
-6.811022E-5
3.365266E-4
2.577964E-4
6.136083E-4
5.513565E-4
8.424753E-4
4.329559E-4
6.715879E-4
4.231909E-4
-9.191238E-5
4.231909E-4
-3.763178E-4
-1.767458E-4
-3.689940E-4
-4.031715E-4
-4.983802E-4
-3.366475E-4
-3.433609E-4
3.279823E-4
-1.401270E-4
4.811706E-4
2.944151E-4
5.177893E-4
2.278911E-4
3.407988E-4
4.689643E-4
-4.613898E-5
7.165123E-5
-3.110144E-4
-3.818106E-4
-4.916667E-4
-3.433609E-4
-5.948095E-4
-3.024700E-4
-3.543465E-4
2.364355E-4
-1.501307E-5
3.908444E-4
4.775087E-4
4.610303E-4
2.681717E-4
6.429033E-4
4.067125E-4
-2.286223E-4
2.150746E-4
-3.812003E-4
-1.840695E-4
-5.008214E-4
-4.898358E-4
-4.147674E-4
-3.134556E-4
-1.718633E-4
3.438504E-4
1.184066E-5
6.081155E-4
5.672246E-4
6.581611E-4
6.825735E-4
5.068037E-4
7.448254E-4
-6.078647E-5
2.504726E-4
-1.236486E-4
-2.084820E-4
-3.793693E-4
-4.831224E-4
-3.628909E-4
-1.358548E-4
-3.226103E-4
1.540434E-4
7.714404E-5
3.108935E-4
7.478769E-4
6.148289E-4
5.007006E-4
8.211144E-4
7.326191E-4
-1.135120E-5
4.537065E-4
-2.782962E-5
1.540434E-4
-1.865107E-4
-1.053392E-4
-1.572158E-4
-1.773561E-4
-1.745432E-5
2.962460E-4
4.366178E-4
6.014020E-4
5.849236E-4
7.851060E-4
7.155304E-4
7.033242E-4
1.156176E-3
-3.417144E-6
6.380208E-4
2.669511E-4
9.118122E-5
4.516912E-6
-1.413477E-4
-1.572158E-4
2.038502E-5
-8.886082E-5
4.640818E-4
3.115038E-4
5.159584E-4
6.697570E-4
5.690555E-4
7.100376E-4
6.300867E-4
8.119597E-4
5.517281E-5
3.054007E-4
4.479750E-5
2.709846E-5
-3.293238E-4
-3.830312E-4
-2.493729E-4
-1.126630E-4
-1.074089E-5
2.462005E-4
2.803779E-4
5.013109E-4
4.555375E-4
6.770807E-4
6.081155E-4
3.365266E-4
8.369825E-4
-2.310635E-4
2.846501E-4
1.916440E-5
-1.743045E-4
-3.122350E-4
-5.459845E-4
-3.653322E-4
-1.059496E-4
-3.152866E-4
4.445519E-4
2.687820E-4
4.543169E-4
8.119597E-4
6.435136E-4
9.028962E-4
7.600832E-4
8.198937E-4
2.431489E-4
3.670422E-4
1.375649E-4
-1.389064E-4
-3.531259E-4
-2.750060E-4
-4.440624E-4
-3.805900E-4
-1.218177E-4
-7.970614E-5
1.778455E-4
1.509918E-4
5.684452E-4
6.044536E-4
6.490064E-4
4.964284E-4
9.285293E-4
6.859967E-5
5.263337E-4
2.944151E-4
1.428190E-5
2.282627E-5
-1.456198E-4
8.789096E-6
-1.318214E-5
1.503815E-4
4.878840E-4
6.081155E-4
5.019212E-4
1.073173E-3
8.339309E-4
1.117726E-3
6.935592E-4
1.136646E-3
6.593817E-4
6.239836E-4
4.830015E-4
2.388767E-4
1.631980E-4
-2.172650E-5
5.761406E-5
1.290206E-4
6.432749E-5
3.060110E-4
6.282558E-4
3.469019E-4
9.224262E-4
8.766528E-4
8.601743E-4
5.153481E-4
9.517211E-4
3.383576E-4
3.761969E-4
1.979858E-4
5.029031E-5
-1.260899E-4
-3.885240E-4
-2.908741E-4
-1.291414E-4
-2.829400E-4
6.127593E-5
1.900518E-4
8.996059E-5
5.818721E-4
4.591994E-4
6.496167E-4
1.863899E-4
5.623421E-4
1.998168E-4
9.399408E-6
1.027771E-4
-3.287134E-4
-5.008214E-4
-4.190396E-4
-5.740589E-4
-3.220000E-4
-2.066510E-4
-2.798885E-4
2.822089E-4
6.371718E-5
7.021035E-4
6.172702E-4
6.245939E-4
5.330471E-4
8.119597E-4
3.743660E-4
1.998168E-4
9.057090E-5
-1.492817E-4
-1.132733E-4
-4.849533E-4
-4.068334E-4
-5.740589E-4
-2.469316E-4
-3.604497E-4
9.179153E-5
6.676874E-5
5.360987E-4
3.194379E-4
6.508373E-4
2.364355E-4
7.857163E-4
4.286838E-4
-1.852901E-4
1.760146E-4
-2.121438E-4
-2.524244E-4
-6.332591E-4
-4.355180E-4
-2.823297E-4
-1.028980E-4
-1.773561E-4
3.877928E-4
1.428190E-5
7.594729E-4
7.472666E-4
6.392414E-4
6.380208E-4
8.235556E-4
5.739380E-4
3.127245E-4
3.743660E-4
2.221596E-5
1.259690E-4
-4.001199E-4
-8.947114E-5
-9.069176E-5
-5.956585E-5
1.550253E-5
4.445519E-4
3.914547E-4
8.357619E-4
6.947798E-4
8.424753E-4
6.166598E-4
8.827559E-4
6.300867E-4
3.015002E-5
5.019212E-4
6.920998E-5
5.456250E-5
-1.364652E-4
-2.853813E-4
-8.702989E-5
1.033875E-4
-5.651429E-5
5.354884E-4
2.089714E-4
6.941695E-4
7.210232E-4
8.186731E-4
7.179716E-4
8.375928E-4
6.593817E-4
8.507810E-5
4.018300E-4
1.039978E-4
-6.322772E-5
-4.867842E-4
1.489222E-5
-2.182470E-4
2.038502E-5
-1.004568E-4
2.150746E-4
2.169055E-4
6.374105E-4
5.177893E-4
6.636539E-4
6.697570E-4
4.720159E-4
6.007917E-4
-7.787521E-5
3.060110E-4
-1.358548E-4
-2.695132E-4
-3.885240E-4
-5.044833E-4
-3.732662E-4
-5.172998E-4
-5.124174E-4
2.175158E-4
-1.291414E-4
1.253587E-4
3.676526E-4
2.095817E-4
3.487329E-4
1.528227E-4
4.140363E-4
-3.268825E-4
-1.285311E-4
-4.684749E-4
-6.167807E-4
-8.535818E-4
-6.643850E-4
-6.558407E-4
-4.642027E-4
-5.252339E-4
3.991501E-5
-3.332243E-5
2.584067E-4
5.812618E-4
6.850148E-4
5.171790E-4
5.489152E-4
6.544992E-4
-3.655840E-7
4.207497E-4
-4.247711E-5
-2.121438E-4
-2.182470E-4
-2.859916E-4
-3.610600E-4
-1.480611E-4
-1.505023E-4
2.553551E-4
1.772352E-4
3.987785E-4
7.869369E-4
7.130891E-4
8.302690E-4
4.903253E-4
9.651480E-4
3.664319E-4
4.274631E-4
1.900518E-4
1.550253E-5
-8.299640E-6
-1.315827E-4
-1.877314E-4
-1.950551E-4
-4.674930E-5
2.541345E-4
3.316441E-4
2.834295E-4
7.313985E-4
5.940783E-4
5.507462E-4
5.544080E-4
8.082978E-4
1.808971E-4
4.653025E-4
1.611284E-5
8.324716E-5
-1.407373E-4
-1.926139E-4
-8.702989E-5
-1.968860E-4
-3.576368E-5
5.141274E-4
4.866634E-4
4.427209E-4
8.913002E-4
6.593817E-4
7.625244E-4
5.714968E-4
9.627068E-4
9.545340E-5
2.663408E-4
1.162040E-4
-2.579172E-4
-2.750060E-4
-3.909653E-4
-3.403094E-4
-2.859916E-4
-2.804988E-4
8.324716E-5
9.362246E-5
1.827280E-4
6.038433E-4
4.677437E-4
6.404620E-4
4.512653E-4
5.763793E-4
-4.735961E-5
2.040889E-4
-6.468704E-6
-2.530348E-4
-3.750972E-4
-5.514773E-4
-5.087555E-4
-4.385696E-4
-2.902638E-4
-7.360302E-5
9.301215E-5
2.089714E-4
5.208409E-4
3.438504E-4
6.862354E-4
2.516933E-4
8.504093E-4
2.126333E-4
6.676874E-5
2.077508E-4
-7.116178E-5
-2.231295E-4
-3.055216E-4
-2.414388E-4
-2.621894E-4
-2.689029E-4
1.107112E-4
3.310338E-4
2.645098E-4
8.180628E-4
5.653936E-4
6.783014E-4
6.618229E-4
9.132715E-4
2.834295E-4
2.046992E-4
3.505638E-4
6.347848E-6
-6.139678E-5
-2.402182E-4
-2.054304E-4
-2.054304E-4
-1.144939E-4
1.113215E-4
3.615494E-4
2.822089E-4
8.345412E-4
5.727174E-4
8.870281E-4
5.183996E-4
9.346324E-4
2.938048E-4
3.102832E-4
3.987785E-4
2.160565E-5
1.412268E-4
-2.328945E-4
-1.694220E-4
1.485505E-4
8.080591E-5
2.199570E-4
7.039345E-4
4.115950E-4
1.013363E-3
8.351515E-4
1.074394E-3
8.296587E-4
1.027400E-3
6.258145E-4
4.073228E-4
4.884943E-4
5.395218E-5
2.685976E-6
-2.170263E-4
-7.299271E-5
-1.968860E-4
8.263685E-5
-8.092677E-5
5.165687E-4
3.414091E-4
6.221527E-4
5.739380E-4
9.144921E-4
4.427209E-4
8.327103E-4
4.140363E-4
-2.050588E-5
2.370458E-4
-2.438801E-4
-1.859004E-4
-5.472051E-4
-3.836415E-4
-3.079628E-4
-4.910564E-4
-1.511126E-4
1.613671E-4
-6.627928E-5
6.422930E-4
2.474211E-4
6.349692E-4
5.190099E-4
5.843133E-4
3.768072E-4
-1.462302E-4
1.924930E-4
-2.432698E-4
-2.957566E-4
-4.477243E-4
-4.532171E-4
-5.453742E-4
-2.713441E-4
-3.537362E-4
3.090626E-4
-4.980086E-5
2.773264E-4
3.243204E-4
5.226718E-4
3.633804E-4
5.007006E-4
3.371370E-4
-4.491836E-5
1.845590E-4
-3.207794E-4
-7.079016E-6
-4.776296E-4
-4.684749E-4
-2.963669E-4
-4.031715E-4
-1.810179E-4
3.285926E-4
-1.236486E-4
5.068037E-4
6.087258E-4
6.306970E-4
5.721071E-4
5.489152E-4
8.064669E-4
-9.984644E-5
4.024403E-4
7.568472E-6
-3.698430E-5
-1.364652E-4
-1.682014E-4
-2.432698E-4
1.802868E-4
-2.599869E-5
6.129980E-4
3.517844E-4
6.606023E-4
1.023128E-3
8.369825E-4
8.205041E-4
7.875472E-4
8.516300E-4
3.572772E-4
4.079331E-4
1.143731E-4
6.310686E-5
-2.432698E-4
-1.236486E-4
-1.468405E-4
-1.071702E-4
8.789096E-6
3.407988E-4
1.184066E-5
4.665231E-4
6.770807E-4
6.020124E-4
4.799500E-4
5.116862E-4
5.360987E-4
-1.321930E-4
2.608480E-4
-1.523333E-4
-4.257530E-4
-4.159881E-4
-5.813826E-4
-6.027435E-4
-3.323753E-4
-4.123262E-4
-9.923613E-5
-7.482365E-5
1.387856E-4
5.269440E-4
2.492520E-4
4.933768E-4
3.182173E-4
4.640818E-4
-9.435363E-5
3.198095E-5
-1.663704E-4
-1.468405E-4
-6.088466E-4
-5.337783E-4
-4.391799E-4
-3.110144E-4
-2.396079E-4
2.075664E-6
6.310686E-5
1.674702E-4
4.530962E-4
5.019212E-4
3.768072E-4
4.353972E-4
7.008829E-4
-3.769281E-4
2.230086E-4
-2.054304E-4
-3.396991E-4
-5.465948E-4
-6.674366E-4
-5.411020E-4
-5.093658E-4
-5.673454E-4
-1.627086E-4
-1.529436E-4
4.113563E-5
3.658216E-4
1.552640E-4
5.385399E-4
2.004271E-4
4.994799E-4
-1.437889E-4
-1.126630E-4
-6.749990E-5
-2.420491E-4
-4.764089E-4
-4.788502E-4
-5.050936E-4
-2.835504E-4
-3.018597E-4
-1.013058E-5
2.144642E-4
2.016477E-4
5.678349E-4
5.367090E-4
6.032330E-4
4.012197E-4
9.199849E-4
4.723875E-5
3.926753E-4
1.528227E-4
5.029031E-5
8.178784E-6
-1.663704E-4
6.188624E-5
1.123034E-5
-2.050588E-5
4.353972E-4
4.567581E-4
6.099464E-4
9.993255E-4
7.686275E-4
1.179978E-3
6.801323E-4
9.566036E-4
4.994799E-4
3.298132E-4
4.329559E-4
6.188624E-5
-1.633189E-4
-1.193764E-4
-2.017685E-4
-5.773491E-5
-3.027087E-5
1.668599E-4
5.885855E-4
3.243204E-4
8.375928E-4
7.759513E-4
7.216335E-4
7.246851E-4
9.865089E-4
2.953970E-5
3.627701E-4
2.748851E-4
-1.169352E-4
-9.252270E-5
-5.429330E-4
-1.639292E-4
-3.036906E-4
-1.157146E-4
1.058287E-4
2.297220E-4
1.778455E-4
6.776910E-4
2.840398E-4
8.510197E-4
3.365266E-4
6.978313E-4
2.858707E-4
-6.627928E-5
2.608480E-4
-3.097938E-4
-3.866931E-4
-4.104952E-4
-4.483346E-4
-4.349077E-4
-3.592290E-4
-2.408285E-4
2.510830E-4
-9.069176E-5
5.525771E-4
3.261513E-4
3.896238E-4
2.217880E-4
6.300867E-4
8.789096E-6
5.212125E-5
-1.028980E-4
-2.939257E-4
-3.940168E-4
-4.452830E-4
-1.810179E-4
-5.435433E-4
-2.261810E-4
1.000972E-5
1.509918E-4
1.717424E-4
7.008829E-4
3.877928E-4
8.101288E-4
4.323456E-4
8.229453E-4
4.097641E-4
4.418719E-5
3.304235E-4
-1.413477E-4
-1.989557E-5
-3.195588E-4
-2.640204E-4
-1.114424E-4
-6.933084E-5
1.393959E-4
6.557198E-4
1.857796E-4
9.651480E-4
7.802235E-4
1.010311E-3
7.228541E-4
9.328015E-4
6.960004E-4
2.400973E-4
4.390591E-4
6.249655E-5
-5.468335E-5
-2.981978E-4
-6.994115E-5
-2.151954E-4
1.064390E-4
6.066562E-5
4.360075E-4
1.943239E-4
8.082978E-4
7.674069E-4
7.570316E-4
6.191011E-4
9.962739E-4
5.342677E-4
1.314618E-4
5.611215E-4
-1.706426E-4
1.381752E-4
-1.779664E-4
-1.840695E-4
-1.468405E-4
3.137064E-5
9.057090E-5
5.068037E-4
2.864811E-4
1.025569E-3
7.759513E-4
8.534609E-4
7.515388E-4
9.248674E-4
8.089081E-4
8.202654E-5
4.146466E-4
-2.294713E-5
3.198095E-5
-7.543396E-5
-2.737854E-4
-2.786679E-4
2.343658E-5
-2.151954E-4
2.059199E-4
8.080591E-5
3.316441E-4
5.702761E-4
5.025315E-4
4.146466E-4
6.911179E-4
4.909356E-4
-1.791870E-4
2.266705E-4
-1.749148E-4
-2.005479E-4
-5.057039E-4
-4.538274E-4
-3.561775E-4
-3.787590E-4
-2.133645E-4
4.235626E-5
-7.177209E-5
3.670422E-4
4.268528E-4
4.158672E-4
5.855339E-4
3.127245E-4
4.158672E-4
-1.474508E-4
2.333839E-4
-4.125649E-5
-2.029892E-4
-3.616703E-4
-4.123262E-4
-3.616703E-4
-7.543396E-5
-3.976787E-4
2.712233E-4
1.747940E-4
4.097641E-4
6.386311E-4
6.068949E-4
6.258145E-4
7.466563E-4
6.227630E-4
-2.538838E-5
5.013109E-4
-5.895554E-5
-9.679488E-5
-5.472051E-4
-3.415300E-4
-3.348166E-4
-1.950551E-4
-2.908741E-4
1.552640E-4
2.382664E-4
4.512653E-4
5.214512E-4
6.526683E-4
7.545904E-4
5.446430E-4
7.326191E-4
-2.966056E-5
3.603288E-4
5.700374E-5
-6.933084E-5
-2.756163E-4
-2.499832E-4
-2.322841E-4
-9.374332E-5
-5.895554E-5
3.957269E-4
2.553551E-4
5.013109E-4
8.876384E-4
9.541624E-4
9.694202E-4
8.015844E-4
9.340221E-4
3.072317E-4
7.405532E-4
3.102832E-4
8.507810E-5
-1.279208E-4
-1.602673E-4
-7.238240E-5
-1.047289E-4
-6.261741E-5
3.041801E-4
1.369546E-4
3.444607E-4
6.691467E-4
5.983505E-4
6.990520E-4
3.237101E-4
7.106479E-4
9.179153E-5
3.780279E-4
9.423278E-5
-2.811091E-4
-6.444834E-5
-2.414388E-4
-4.379593E-4
-1.559951E-4
-4.873946E-4
2.748851E-4
1.448887E-4
-1.257182E-5
6.117774E-4
4.366178E-4
6.313073E-4
2.437592E-4
6.941695E-4
1.351237E-4
7.470279E-5
-1.688117E-4
-3.329856E-4
-4.098849E-4
-4.532171E-4
-3.964581E-4
-4.043921E-4
-1.041186E-4
6.310686E-5
2.931945E-4
2.120230E-4
6.831839E-4
6.203217E-4
7.777822E-4
2.388767E-4
8.223350E-4
7.409248E-5
3.285926E-4
7.775435E-5
-3.232206E-4
-1.004568E-4
-4.056128E-4
-4.989905E-4
-2.963669E-4
-2.475419E-4
4.479750E-5
1.149834E-4
3.137064E-5
7.686275E-4
5.763793E-4
6.007917E-4
4.830015E-4
7.338398E-4
3.700938E-4
2.144642E-4
3.015002E-5
-1.254795E-4
-2.615791E-4
-2.475419E-4
-2.804988E-4
-2.963669E-4
-1.074089E-5
-2.538838E-5
2.114127E-4
3.847413E-4
7.631347E-4
6.239836E-4
7.228541E-4
4.415003E-4
9.382943E-4
2.425386E-4
1.863899E-4
3.328648E-4
-5.407304E-5
1.003359E-4
-3.140660E-4
-2.188573E-4
-2.078717E-4
-2.365563E-4
8.446778E-5
2.443695E-4
1.308515E-4
5.806514E-4
4.317353E-4
5.574596E-4
4.848325E-4
7.112582E-4
3.597185E-4
5.639343E-5
2.480314E-4
-7.299271E-5
-1.639292E-4
-5.142483E-4
-2.103129E-4
-1.645395E-4
-6.200710E-5
-7.787521E-5
2.931945E-4
3.157760E-4
7.509285E-4
6.166598E-4
7.173613E-4
5.873649E-4
8.949621E-4
2.413180E-4
-2.111619E-5
3.877928E-4
-7.848552E-5
-1.193764E-4
-4.495552E-4
-3.329856E-4
-1.584364E-4
-9.252270E-5
-2.634101E-4
3.212688E-4
2.187364E-4
8.223350E-4
3.566669E-4
6.599920E-4
4.805603E-4
6.068949E-4
4.500447E-4
7.226154E-5
2.040889E-4
-9.923613E-5
-2.664616E-4
-5.990817E-4
-3.403094E-4
-2.652410E-4
-2.963669E-4
-3.372578E-4
2.535242E-4
7.775435E-5
4.524859E-4
3.731454E-4
3.597185E-4
4.006094E-4
5.183996E-4
1.302412E-4
-1.193764E-4
1.387856E-4
-3.635012E-4
-1.559951E-4
-6.662160E-4
-3.378681E-4
-2.743957E-4
-4.129365E-4
-7.421334E-5
3.945063E-4
2.953970E-5
5.794308E-4
6.172702E-4
7.497079E-4
7.173613E-4
8.876384E-4
7.887678E-4
6.310686E-5
6.197114E-4
2.223983E-4
2.160565E-5
-3.417144E-6
-1.352445E-4
-6.200710E-5
1.668599E-4
4.516912E-6
6.374105E-4
3.627701E-4
5.940783E-4
8.607846E-4
8.003638E-4
7.674069E-4
7.448254E-4
7.320088E-4
2.028683E-4
6.172702E-4
6.958160E-6
1.245097E-5
-3.189484E-4
3.442220E-5
-1.846798E-4
-6.200710E-5
-3.637399E-5
3.829104E-4
2.120230E-4
7.191923E-4
8.089081E-4
8.717703E-4
7.674069E-4
4.982593E-4
9.218158E-4
8.141622E-5
5.556286E-4
-9.618457E-5
-2.347254E-4
-1.950551E-4
-3.500744E-4
-2.920947E-4
-7.238240E-5
-2.957566E-4
3.316441E-4
1.461093E-4
4.750675E-4
6.471754E-4
5.977402E-4
7.460460E-4
6.483961E-4
8.070772E-4
1.503815E-4
3.682629E-4
5.334187E-5
1.101009E-4
-2.389976E-4
-2.457110E-4
-3.116247E-4
-1.291414E-4
-9.740519E-5
2.974667E-4
1.253587E-4
3.542257E-4
5.263337E-4
6.691467E-4
4.451622E-4
3.737557E-4
6.459548E-4
-2.219088E-4
2.346045E-4
-2.866019E-4
-3.720456E-4
-4.117159E-4
-4.843430E-4
-4.196499E-4
-1.706426E-4
-2.316738E-4
3.365266E-4
2.160565E-5
4.872737E-4
7.698482E-4
5.714968E-4
7.277366E-4
6.166598E-4
7.692378E-4
2.053096E-4
1.516021E-4
-5.285242E-5
-3.454306E-5
-3.488537E-4
-3.677734E-4
-4.678646E-4
-1.047289E-4
-3.323753E-4
3.198095E-5
2.242292E-4
2.199570E-4
6.264248E-4
6.953901E-4
5.275543E-4
5.733277E-4
1.015194E-3
-2.660900E-5
3.377473E-4
8.568841E-5
8.446778E-5
-2.670719E-4
-3.049113E-4
-1.218177E-4
-4.369774E-5
-2.072614E-4
3.938960E-4
2.132436E-4
2.931945E-4
9.578243E-4
4.469931E-4
7.899885E-4
4.634715E-4
8.516300E-4
2.529139E-4
2.321633E-4
2.498623E-4
-2.966056E-5
-1.736942E-4
-2.206882E-4
-2.487626E-4
-1.254795E-4
-4.552867E-5
4.968000E-5
4.622509E-4
4.305147E-4
8.253866E-4
7.210232E-4
7.246851E-4
5.281646E-4
1.058526E-3
1.448887E-4
3.859619E-4
1.863899E-4
-3.881524E-5
-1.566055E-4
-3.915756E-4
-5.407304E-5
-9.069176E-5
-3.942555E-5
2.877017E-4
3.121142E-4
3.584979E-4
8.223350E-4
4.518756E-4
8.858074E-4
3.395782E-4
7.570316E-4
2.089714E-4
-2.050588E-5
1.387856E-4
-3.726559E-4
-5.020420E-4
-2.933153E-4
-3.543465E-4
-3.720456E-4
-3.757075E-4
-1.401270E-4
3.432401E-4
8.873997E-5
6.386311E-4
5.177893E-4
7.021035E-4
4.793396E-4
8.620053E-4
2.858707E-4
2.291117E-4
3.462916E-4
-1.401270E-4
-1.047289E-4
-2.835504E-4
-2.011582E-4
-5.063142E-4
-3.061319E-4
7.958529E-5
3.005182E-4
8.751934E-5
6.447342E-4
3.664319E-4
9.620964E-4
4.518756E-4
7.277366E-4
2.907532E-4
9.606371E-5
3.847413E-4
-1.840695E-4
-1.501307E-5
-2.487626E-4
-2.353357E-4
-1.682014E-4
-1.590467E-4
-2.905025E-5
6.337486E-4
8.263685E-5
7.191923E-4
7.539800E-4
6.898973E-4
5.995711E-4
6.703673E-4
3.353060E-4
3.548360E-4
2.773264E-4
-6.505866E-5
-1.096114E-4
-3.366475E-4
-7.909583E-5
-4.623718E-4
-8.214739E-5
1.672315E-5
3.450710E-4
2.870914E-4
6.276455E-4
6.416826E-4
8.308794E-4
4.231909E-4
7.924297E-4
3.462916E-4
1.412268E-4
3.993888E-4
-2.536451E-4
-1.553848E-4
-2.872122E-4
-3.775384E-4
-2.121438E-4
-1.071702E-4
-7.543396E-5
5.287749E-4
-6.261741E-5
4.518756E-4
6.044536E-4
5.824824E-4
4.329559E-4
5.415915E-4
4.463828E-4
-8.153708E-5
1.357340E-4
-8.299640E-6
-2.292326E-4
-5.374401E-4
-3.714353E-4
-6.430241E-4
-2.274016E-4
-2.621894E-4
2.447280E-7
-1.041186E-4
3.456813E-4
5.257234E-4
5.153481E-4
2.700026E-4
5.775999E-4
3.975578E-4
-1.859004E-4
3.035698E-4
-3.647218E-4
-1.010671E-4
-4.703058E-4
-5.459845E-4
-3.494640E-4
-1.431786E-4
-2.304532E-4
3.707041E-4
2.038502E-5
8.711600E-4
7.057654E-4
8.162319E-4
6.776910E-4
6.606023E-4
8.833662E-4
4.662844E-5
3.780279E-4
2.205674E-4
7.043061E-5
-3.171175E-4
-8.275770E-5
-2.194676E-4
6.249655E-5
-8.092677E-5
3.652113E-4
4.366178E-4
6.258145E-4
8.028050E-4
7.728997E-4
6.679261E-4
9.645377E-4
9.041168E-4
1.857796E-4
5.373193E-4
1.412268E-4
1.375649E-4
-3.482434E-4
-2.603585E-4
-2.084820E-4
-2.782962E-5
-9.740519E-5
5.202306E-4
1.009462E-4
5.940783E-4
7.320088E-4
6.136083E-4
8.131803E-4
5.702761E-4
7.564213E-4
8.385747E-5
3.566669E-4
2.761058E-4
-8.031646E-5
-2.536451E-4
-2.322841E-4
-2.383873E-4
6.432749E-5
-2.084820E-4
3.090626E-4
3.572772E-4
4.823912E-4
8.449165E-4
6.697570E-4
5.855339E-4
7.472666E-4
6.905076E-4
1.210865E-4
4.646922E-4
-6.749990E-5
1.149834E-4
-3.744868E-4
-3.012494E-4
-1.566055E-4
-3.244413E-4
-2.194676E-4
1.821177E-4
1.210865E-4
2.309427E-4
4.079331E-4
4.408900E-4
3.420194E-4
2.382664E-4
5.623421E-4
-2.725647E-4
5.761406E-5
-2.841607E-4
-3.226103E-4
-4.507758E-4
-5.429330E-4
-4.336871E-4
-3.842518E-4
-4.629821E-4
2.211777E-4
1.754043E-4
1.625877E-4
6.294764E-4
4.231909E-4
7.271263E-4
3.414091E-4
6.825735E-4
-6.933084E-5
2.053096E-4
1.465352E-6
-2.963669E-4
-4.312459E-4
-4.776296E-4
-5.655145E-4
-4.037818E-4
-3.702147E-4
-1.053392E-4
2.602376E-4
1.259690E-4
4.811706E-4
5.873649E-4
6.026227E-4
4.714056E-4
1.047540E-3
9.362246E-5
3.786382E-4
2.889223E-4
-1.028980E-4
2.648814E-5
-3.299341E-4
3.296288E-6
-1.257182E-5
-1.144939E-4
3.774175E-4
3.115038E-4
5.251130E-4
8.644465E-4
6.807426E-4
9.834574E-4
5.867546E-4
9.352427E-4
4.280734E-4
3.310338E-4
4.591994E-4
1.155937E-4
3.906600E-6
-8.092677E-5
-1.013058E-5
1.107112E-4
9.301215E-5
4.732365E-4
6.325280E-4
3.890135E-4
9.358530E-4
8.479681E-4
9.462283E-4
8.528506E-4
1.118336E-3
4.292941E-4
4.750675E-4
4.616406E-4
-2.843994E-5
-1.440276E-5
-2.182470E-4
-2.335048E-4
-2.701235E-4
-1.196151E-5
3.076033E-5
3.243204E-4
7.531310E-5
6.691467E-4
3.999991E-4
6.575508E-4
2.480314E-4
6.831839E-4
8.568841E-5
1.794378E-5
-7.970614E-5
-2.756163E-4
-2.878225E-4
-5.166895E-4
-5.722279E-4
-4.275840E-4
-4.227015E-4
-1.578261E-4
1.662496E-4
3.564282E-5
5.837030E-4
4.183084E-4
7.393326E-4
3.792485E-4
8.363722E-4
4.097641E-4
1.656393E-4
3.298132E-4
-2.170263E-4
-2.597482E-4
-3.677734E-4
-4.025612E-4
-3.769281E-4
-3.409197E-4
-1.382961E-4
2.211777E-4
1.033875E-4
5.794308E-4
4.982593E-4
5.312162E-4
3.963372E-4
6.990520E-4
4.805603E-4
-5.102148E-5
3.096729E-4
-1.987170E-4
-8.092677E-5
-3.158969E-4
-2.206882E-4
-2.811091E-4
-1.169352E-4
-1.309724E-4
3.017389E-4
2.889223E-4
7.460460E-4
6.184908E-4
6.490064E-4
6.679261E-4
8.638362E-4
5.342677E-4
2.065302E-4
3.798588E-4
5.456250E-5
1.174246E-4
-2.713441E-4
-4.186680E-5
4.418719E-5
2.193467E-4
2.004271E-4
7.887678E-4
5.318265E-4
1.149462E-3
8.589537E-4
1.203780E-3
9.553830E-4
1.184860E-3
9.132715E-4
4.878840E-4
7.796132E-4
3.456813E-4
3.298132E-4
1.406165E-4
1.339031E-4
2.584067E-4
2.327736E-4
7.409248E-5
7.948710E-4
3.865722E-4
8.559022E-4
7.881575E-4
8.577331E-4
7.130891E-4
9.791852E-4
6.728086E-4
1.155937E-4
2.718336E-4
1.064390E-4
-1.401270E-4
-3.525156E-4
-2.017685E-4
-4.202602E-4
-1.144939E-4
-1.352445E-4
3.652113E-4
1.473299E-4
6.483961E-4
4.622509E-4
6.630436E-4
6.862354E-4
6.581611E-4
6.996623E-4
2.648814E-5
3.926753E-4
3.198095E-5
-1.291414E-4
-3.512950E-4
-3.268825E-4
-4.349077E-4
-3.348166E-4
-3.287134E-4
2.828192E-4
-1.053392E-4
1.857796E-4
3.176070E-4
3.652113E-4
4.524859E-4
2.523036E-4
3.298132E-4
-3.781487E-4
8.178784E-6
-2.676822E-4
-4.043921E-4
-7.272472E-4
-6.070157E-4
-6.894078E-4
-4.422315E-4
-5.441536E-4
-1.623370E-5
-1.443992E-4
-7.421334E-5
3.841310E-4
3.987785E-4
3.273720E-4
3.084523E-4
3.621597E-4
-2.701235E-4
2.462005E-4
-2.170263E-4
-2.188573E-4
-4.782399E-4
-3.677734E-4
-5.331680E-4
-2.823297E-4
-3.055216E-4
2.266705E-4
3.991501E-5
4.720159E-4
6.874560E-4
6.526683E-4
7.527594E-4
5.830927E-4
9.681996E-4
1.369546E-4
4.689643E-4
8.385747E-5
-1.623370E-5
-1.205970E-4
-1.773561E-4
-2.713441E-4
3.076033E-5
1.916440E-5
4.091538E-4
1.876105E-4
4.793396E-4
6.758601E-4
7.301779E-4
7.393326E-4
4.439416E-4
6.856251E-4
3.015002E-5
3.774175E-4
7.043061E-5
-2.627997E-4
-3.360372E-4
-5.105864E-4
-2.939257E-4
-3.647218E-4
-1.901726E-4
1.387856E-4
8.935028E-5
3.108935E-4
8.174525E-4
6.660951E-4
6.544992E-4
3.890135E-4
8.253866E-4
1.766249E-4
3.780279E-4
-2.196520E-6
-1.590467E-4
-3.769281E-4
-3.830312E-4
-3.500744E-4
-2.872122E-4
-2.554760E-4
-8.153708E-5
-7.604427E-5
1.381752E-4
5.989608E-4
3.920650E-4
4.317353E-4
2.547448E-4
5.995711E-4
-9.252270E-5
2.114127E-4
-2.884328E-4
-3.635012E-4
-5.087555E-4
-7.071069E-4
-6.729294E-4
-4.696955E-4
-5.362195E-4
-1.352445E-4
-7.116178E-5
-4.308742E-5
4.952078E-4
3.090626E-4
4.073228E-4
7.592342E-5
5.074140E-4
-2.530348E-4
4.601813E-5
-1.645395E-4
-4.330768E-4
-4.019509E-4
-4.397902E-4
-6.064054E-4
-1.993273E-4
-3.549569E-4
-6.468704E-6
2.486417E-4
1.741836E-4
7.161407E-4
4.457725E-4
6.142186E-4
5.428121E-4
7.716791E-4
1.467196E-4
2.382664E-4
3.127245E-4
-1.108321E-4
-2.267913E-4
-3.213897E-4
-1.462302E-4
-1.938345E-4
-5.224210E-5
1.794378E-5
3.017389E-4
4.714056E-4
8.760424E-4
6.825735E-4
7.515388E-4
5.959092E-4
1.036555E-3
2.846501E-4
2.620686E-4
3.353060E-4
-1.541642E-4
1.611284E-5
-4.806811E-4
-3.055216E-4
-7.360302E-5
-2.988082E-4
2.685976E-6
5.403708E-4
1.882208E-4
8.906899E-4
5.666143E-4
7.332294E-4
7.515388E-4
9.193746E-4
5.574596E-4
2.474211E-4
4.830015E-4
1.613671E-4
-1.196151E-5
-2.212985E-4
-6.688959E-5
-8.275770E-5
1.680805E-4
1.794378E-5
6.026227E-4
3.859619E-4
7.368913E-4
7.643554E-4
8.369825E-4
4.762881E-4
8.760424E-4
3.902341E-4
-4.858023E-5
2.706129E-4
-3.049113E-4
-2.335048E-4
-5.557495E-4
-4.410108E-4
-3.671631E-4
-3.830312E-4
-3.372578E-4
2.101921E-4
-1.468405E-4
5.202306E-4
2.028683E-4
3.963372E-4
2.846501E-4
3.383576E-4
3.810794E-4
-1.718633E-4
-7.177209E-5
-2.786679E-4
-6.204426E-4
-6.180013E-4
-4.806811E-4
-7.211441E-4
-4.227015E-4
-4.471140E-4
1.465352E-6
-6.994115E-5
2.724439E-4
3.420194E-4
3.700938E-4
2.242292E-4
6.447342E-4
2.413180E-4
-1.989557E-5
1.540434E-4
-3.104041E-4
-9.069176E-5
-5.526979E-4
-3.812003E-4
-3.689940E-4
-4.074437E-4
-1.785767E-4
3.017389E-4
-7.726490E-5
5.330471E-4
4.567581E-4
6.654848E-4
4.262425E-4
5.031418E-4
5.617318E-4
-1.120527E-4
2.175158E-4
-6.200710E-5
-1.889520E-4
-2.902638E-4
-2.512038E-4
-2.884328E-4
-1.047289E-4
-1.456198E-4
4.616406E-4
1.839486E-4
6.355795E-4
7.747307E-4
6.996623E-4
5.647833E-4
7.887678E-4
7.655760E-4
1.656393E-4
3.823000E-4
-9.496394E-5
8.690903E-5
-1.749148E-4
-2.780575E-4
-2.170263E-4
-2.133645E-4
1.062003E-5
2.797676E-4
1.979858E-4
7.802235E-4
5.794308E-4
7.863266E-4
6.557198E-4
7.002726E-4
9.004549E-4
-2.477806E-5
2.681717E-4
9.399408E-6
-1.334136E-4
-2.548657E-4
-3.958478E-4
-5.020420E-4
-1.505023E-4
-4.532171E-4
2.632892E-4
2.526752E-5
3.389679E-4
6.398517E-4
5.733277E-4
5.342677E-4
6.416826E-4
6.306970E-4
-8.299640E-6
2.553551E-4
1.000972E-5
-1.035083E-4
-4.526068E-4
-4.050024E-4
-3.781487E-4
-3.024700E-4
-2.121438E-4
1.284102E-4
5.517281E-5
4.067125E-4
6.789117E-4
4.299044E-4
5.025315E-4
5.531874E-4
6.667054E-4
-3.043010E-4
3.237101E-4
2.343658E-5
-1.553848E-4
-3.598394E-4
-4.648130E-4
-2.939257E-4
-1.205970E-4
-3.207794E-4
7.592342E-5
1.796765E-4
3.633804E-4
6.856251E-4
3.682629E-4
5.422018E-4
4.457725E-4
6.557198E-4
-1.486714E-4
1.357340E-4
-1.822386E-4
-2.884328E-4
-4.208706E-4
-3.482434E-4
-3.683837E-4
-3.433609E-4
-2.182470E-4
-2.843994E-5
3.365266E-4
4.341766E-4
4.744572E-4
6.551095E-4
7.899885E-4
4.451622E-4
1.043878E-3
-2.196520E-6
3.768072E-4
2.950254E-4
2.221596E-5
8.751934E-5
-3.494640E-4
-5.529366E-5
-5.712460E-5
-1.364652E-4
5.891958E-4
4.744572E-4
4.695747E-4
9.376840E-4
6.917282E-4
1.141528E-3
8.522403E-4
8.674981E-4
4.195291E-4
5.452533E-4
5.599008E-4
7.836466E-5
-1.175455E-4
2.892939E-5
-1.074089E-5
-1.745432E-5
3.076033E-5
2.541345E-4
5.177893E-4
3.780279E-4
8.522403E-4
8.803146E-4
7.869369E-4
7.234644E-4
8.351515E-4
2.089714E-4
4.878840E-4
2.474211E-4
-2.304532E-4
-1.620983E-4
-4.129365E-4
-2.145851E-4
-1.108321E-4
-3.311547E-4
2.120230E-4
2.455902E-4
1.723527E-4
7.118685E-4
4.653025E-4
8.351515E-4
3.700938E-4
7.643554E-4
3.243204E-4
-2.416775E-5
3.438504E-4
-2.957566E-4
-3.854725E-4
-2.066510E-4
-3.494640E-4
-4.580996E-4
-3.335959E-4
-6.017616E-5
2.376561E-4
-2.599869E-5
6.123877E-4
5.208409E-4
5.891958E-4
3.334751E-4
6.081155E-4
2.248395E-4
1.546537E-4
-7.665458E-5
-2.945360E-4
-2.060407E-4
-5.111967E-4
-4.074437E-4
-5.160792E-4
-2.640204E-4
7.568472E-6
1.235278E-4
-1.120527E-4
5.855339E-4
5.055831E-4
6.374105E-4
1.906621E-4
8.052463E-4
2.620686E-4
1.611284E-5
1.577052E-4
-3.689940E-4
-1.419580E-4
-3.531259E-4
-3.213897E-4
-2.133645E-4
-1.193764E-4
2.282627E-5
6.191011E-4
-5.712460E-5
8.424753E-4
7.637450E-4
7.100376E-4
5.165687E-4
8.162319E-4
4.408900E-4
3.707041E-4
3.346957E-4
-5.858392E-6
-9.557426E-5
-2.414388E-4
-1.395167E-4
-2.920947E-4
-1.257182E-5
-1.379245E-5
4.079331E-4
1.924930E-4
7.320088E-4
6.593817E-4
7.393326E-4
4.671334E-4
1.055474E-3
5.641730E-4
6.798936E-5
4.781190E-4
-1.059496E-4
8.446778E-5
-2.231295E-4
-2.847710E-4
-2.090923E-4
-2.905025E-5
2.465721E-5
5.116862E-4
2.346045E-4
7.948710E-4
6.252042E-4
7.118685E-4
8.406444E-4
8.888590E-4
5.800411E-4
4.906969E-5
3.633804E-4
1.119318E-4
5.517281E-5
-3.793693E-4
-1.944448E-4
-3.610600E-4
-2.050588E-5
-1.096114E-4
3.041801E-4
1.265793E-4
5.916371E-4
5.348780E-4
6.191011E-4
4.439416E-4
7.423841E-4
5.812618E-4
-2.267913E-4
3.804691E-4
-2.469316E-4
-9.435363E-5
-5.697867E-4
-3.378681E-4
-3.299341E-4
-3.604497E-4
-3.659425E-4
2.645098E-4
-1.028980E-4
4.250219E-4
3.273720E-4
4.421106E-4
4.384487E-4
4.677437E-4
2.584067E-4
-3.549569E-4
-5.248080E-6
-2.219088E-4
-4.349077E-4
-5.606320E-4
-4.654233E-4
-6.894078E-4
-4.178190E-4
-3.812003E-4
2.223983E-4
5.700374E-5
1.284102E-4
4.530962E-4
5.422018E-4
2.803779E-4
4.884943E-4
3.188276E-4
-2.463213E-4
2.455902E-4
-2.701235E-4
-3.592290E-4
-6.503479E-4
-6.106776E-4
-4.617615E-4
-5.423226E-4
-3.866931E-4
5.212125E-5
-9.740519E-5
3.127245E-4
4.512653E-4
4.872737E-4
7.063757E-4
2.779367E-4
6.099464E-4
-1.852901E-4
1.412268E-4
-5.041117E-5
-4.452830E-4
-4.568790E-4
-4.141571E-4
-4.971596E-4
-2.353357E-4
-4.074437E-4
3.320158E-5
1.558743E-4
1.491609E-4
6.447342E-4
5.537977E-4
5.678349E-4
5.519668E-4
6.795220E-4
7.165123E-5
4.311250E-4
-9.069176E-5
-1.462302E-4
-3.116247E-4
-2.359460E-4
-3.152866E-4
-2.286223E-4
-2.347254E-4
9.545340E-5
9.850496E-5
2.626789E-4
5.385399E-4
3.896238E-4
4.903253E-4
1.851693E-4
6.575508E-4
-1.633189E-4
6.005530E-5
-6.811022E-5
-2.713441E-4
-3.665528E-4
-3.573981E-4
-4.861739E-4
-2.786679E-4
-3.360372E-4
1.672315E-5
9.667402E-5
-2.966056E-5
6.282558E-4
3.804691E-4
3.108935E-4
3.554463E-4
5.391502E-4
-2.487626E-4
1.186453E-4
-1.614880E-4
-3.201691E-4
-6.082363E-4
-6.430241E-4
-5.893167E-4
-5.636836E-4
-2.090923E-4
1.489222E-5
-6.322772E-5
2.730542E-4
6.276455E-4
5.385399E-4
6.892870E-4
3.682629E-4
9.413458E-4
1.345134E-4
3.768072E-4
1.216968E-4
-1.126630E-4
-7.299271E-5
-4.733574E-4
-2.615791E-4
3.198095E-5
-2.151954E-4
1.021668E-4
2.175158E-4
2.559655E-4
8.400340E-4
7.051551E-4
6.038433E-4
4.921562E-4
8.961827E-4
2.223983E-4
2.425386E-4
1.320721E-4
-4.796992E-5
-1.321930E-4
-4.098849E-4
-2.603585E-4
-2.811091E-4
-1.013058E-5
1.113215E-4
2.529139E-4
3.859619E-4
8.198937E-4
4.775087E-4
7.930400E-4
3.664319E-4
1.056084E-3
2.449798E-4
2.455902E-4
3.725350E-4
-1.230383E-4
1.672315E-5
-2.615791E-4
-3.091835E-4
1.186453E-4
-1.614880E-4
8.446778E-5
4.427209E-4
4.968000E-5
1.104909E-3
4.201394E-4
7.490976E-4
7.130891E-4
8.180628E-4
4.152569E-4
2.767161E-4
4.073228E-4
5.578312E-5
-2.298429E-4
-2.701235E-4
-1.755251E-4
-1.181558E-4
2.465721E-5
-5.041117E-5
5.049728E-4
2.889223E-4
8.662775E-4
5.916371E-4
7.905988E-4
6.148289E-4
9.144921E-4
2.584067E-4
1.320721E-4
3.078420E-4
-2.884328E-4
-1.852901E-4
-3.988993E-4
-3.616703E-4
-2.274016E-4
-3.384784E-4
-2.219088E-4
3.517844E-4
-1.379245E-5
6.422930E-4
3.224895E-4
5.775999E-4
4.860531E-4
5.440327E-4
1.894414E-4
-1.962757E-4
1.528227E-4
-1.865107E-4
-3.476331E-4
-4.379593E-4
-4.141571E-4
-5.539186E-4
-1.895623E-4
-2.499832E-4
1.754043E-4
9.728434E-5
3.719247E-4
3.414091E-4
5.202306E-4
3.536154E-4
5.135171E-4
1.491609E-4
-7.482365E-5
8.507810E-5
-3.012494E-4
-2.231295E-4
-5.716176E-4
-3.543465E-4
-2.573069E-4
-2.762266E-4
-1.077805E-4
5.342677E-4
1.107112E-4
6.178805E-4
6.483961E-4
9.443974E-4
6.483961E-4
1.024959E-3
6.984417E-4
1.412268E-4
5.818721E-4
-7.604427E-5
4.845938E-5
-1.218177E-4
-3.149150E-5
-1.944448E-4
2.685976E-6
4.845938E-5
5.660040E-4
4.115950E-4
7.881575E-4
8.174525E-4
9.724717E-4
7.905988E-4
8.589537E-4
8.784837E-4
3.084523E-4
5.934680E-4
2.075664E-6
2.455902E-4
-6.139678E-5
6.310686E-5
-1.010671E-4
4.540782E-5
1.851693E-4
6.184908E-4
4.231909E-4
5.855339E-4
7.472666E-4
8.900796E-4
7.222438E-4
6.624332E-4
8.290484E-4
-2.782962E-5
3.670422E-4
-3.637399E-5
5.761406E-5
-1.901726E-4
-2.951463E-4
-2.133645E-4
-5.102148E-5
6.554811E-5
5.330471E-4
1.619774E-4
3.353060E-4
8.119597E-4
5.733277E-4
5.391502E-4
4.659128E-4
6.160495E-4
-5.346273E-5
3.615494E-4
-1.645395E-4
-9.374332E-5
-4.342974E-4
-3.818106E-4
-2.115335E-4
-1.761354E-4
-2.518141E-4
2.883120E-4
7.409248E-5
3.536154E-4
7.295676E-4
6.313073E-4
5.061934E-4
3.658216E-4
1.001156E-3
-9.862582E-5
2.254499E-4
-1.315827E-4
-4.544377E-4
-3.494640E-4
-4.373490E-4
-6.851356E-4
-3.836415E-4
-3.494640E-4
1.137628E-4
-4.125649E-5
2.785470E-4
6.776910E-4
3.481226E-4
5.635627E-4
5.696658E-4
4.897150E-4
2.770877E-5
2.352148E-4
-1.205970E-4
8.178784E-6
-2.396079E-4
-4.959389E-4
-3.879137E-4
-2.817194E-4
-1.962757E-4
1.168143E-4
8.080591E-5
1.894414E-4
4.598097E-4
5.171790E-4
6.783014E-4
2.193467E-4
7.552007E-4
-1.328033E-4
2.223983E-4
2.364355E-4
-2.231295E-4
-2.426594E-4
-2.402182E-4
-2.762266E-4
-4.003586E-5
-9.496394E-5
3.279823E-4
2.297220E-4
3.359163E-4
1.027400E-3
4.219703E-4
7.338398E-4
5.611215E-4
7.375016E-4
1.656393E-4
4.158672E-4
1.033875E-4
1.672315E-5
-2.505935E-4
-2.963669E-4
-1.926139E-4
-2.035995E-4
2.038502E-5
2.193467E-4
3.566669E-4
6.160495E-4
8.028050E-4
5.611215E-4
9.944430E-4
5.934680E-4
1.085379E-3
1.198659E-4
3.908444E-4
2.761058E-4
-1.108321E-4
-1.187661E-4
-1.938345E-4
-3.482434E-4
1.184066E-5
-2.634101E-4
1.027771E-4
3.890135E-4
2.486417E-4
8.217247E-4
5.025315E-4
7.100376E-4
4.360075E-4
7.503182E-4
1.210865E-4
1.162040E-4
-3.027087E-5
-2.951463E-4
-4.739677E-4
-4.300252E-4
-5.215720E-4
-3.708250E-4
-2.927050E-4
-2.884328E-4
9.240184E-5
1.802868E-4
2.938048E-4
4.384487E-4
6.319176E-4
9.484309E-5
7.155304E-4
-5.163179E-5
1.308515E-4
2.587783E-5
-3.964581E-4
-2.835504E-4
-5.203514E-4
-5.044833E-4
-3.720456E-4
-5.673454E-4
-2.182470E-4
1.192556E-4
-1.804076E-4
5.904164E-4
1.760146E-4
5.245027E-4
3.041801E-4
4.335662E-4
1.998168E-4
1.611284E-5
5.737536E-6
-2.072614E-4
-3.702147E-4
-3.891343E-4
-4.629821E-4
-5.179102E-4
-3.177278E-4
-3.171175E-4
3.499535E-4
5.334187E-5
4.457725E-4
5.415915E-4
6.947798E-4
4.781190E-4
8.851971E-4
1.961549E-4
1.485505E-4
2.083611E-4
-2.164160E-4
-9.130207E-5
-3.726559E-4
-2.792782E-4
-3.561775E-4
-2.023789E-4
-7.482365E-5
3.285926E-4
1.235278E-4
5.727174E-4
4.097641E-4
7.198026E-4
4.311250E-4
5.226718E-4
4.097641E-4
-6.322772E-5
1.552640E-4
-8.519895E-5
-1.590467E-4
-2.945360E-4
-3.342062E-4
-4.288046E-4
-1.163249E-4
-7.421334E-5
2.559655E-4
-8.825051E-5
4.604200E-4
4.469931E-4
5.055831E-4
3.530051E-4
4.537065E-4
1.937136E-4
-1.602673E-4
7.568472E-6
-3.952374E-4
-2.762266E-4
-8.371033E-4
-4.703058E-4
-6.454654E-4
-3.531259E-4
-3.744868E-4
6.615842E-5
-2.426594E-4
3.072317E-4
3.188276E-4
6.447342E-4
1.412268E-4
6.258145E-4
4.244116E-4
-8.825051E-5
1.607568E-4
-4.550480E-4
-1.608776E-4
-5.142483E-4
-5.777207E-4
-4.233118E-4
-4.440624E-4
-4.452830E-4
2.645098E-4
-1.328033E-4
2.632892E-4
4.366178E-4
3.926753E-4
3.597185E-4
5.251130E-4
3.792485E-4
-2.963669E-4
-6.444834E-5
-2.994185E-4
-4.397902E-4
-7.803443E-4
-6.778119E-4
-6.662160E-4
-3.891343E-4
-4.129365E-4
-1.602673E-4
-1.950551E-4
2.187364E-4
3.035698E-4
4.408900E-4
3.011285E-4
3.298132E-4
4.958181E-4
-4.556583E-4
2.254499E-4
-2.591379E-4
-2.481523E-4
-6.149498E-4
-5.600217E-4
-4.660336E-4
-2.481523E-4
-6.302076E-4
6.066562E-5
-6.872053E-5
2.767161E-4
3.188276E-4
3.127245E-4
4.006094E-4
2.803779E-4
5.849236E-4
-8.886082E-5
8.690903E-5
1.794378E-5
-1.608776E-4
-4.422315E-4
-1.846798E-4
-2.518141E-4
-3.576368E-5
-2.524244E-4
3.578876E-4
2.681717E-4
6.087258E-4
7.472666E-4
6.752498E-4
7.533697E-4
6.911179E-4
7.777822E-4
3.930470E-5
4.646922E-4
1.428190E-5
5.456250E-5
-2.579172E-4
-3.445816E-4
-1.840695E-4
-3.210181E-5
-2.591379E-4
4.384487E-4
3.163863E-4
5.611215E-4
7.973122E-4
6.624332E-4
8.229453E-4
7.118685E-4
8.778734E-4
1.485505E-4
3.761969E-4
2.376561E-4
-1.364652E-4
-3.354269E-4
-1.840695E-4
-4.019509E-4
-5.102148E-5
-3.085731E-4
1.973755E-4
3.194379E-4
3.560566E-4
7.082066E-4
5.007006E-4
7.667966E-4
5.464740E-4
6.911179E-4
1.062003E-5
3.981682E-4
2.953970E-5
4.723875E-5
-1.614880E-4
-3.659425E-4
-1.297517E-4
-3.244413E-4
-2.304532E-4
1.711321E-4
3.102832E-4
2.846501E-4
6.050639E-4
6.117774E-4
8.436959E-4
4.860531E-4
8.046359E-4
5.029031E-5
3.584979E-4
3.426298E-4
6.859967E-5
-2.963669E-4
-2.023789E-4
-1.352445E-4
-6.468704E-6
-3.417144E-6
3.646010E-4
5.318265E-4
3.572772E-4
8.412547E-4
7.057654E-4
8.339309E-4
6.856251E-4
9.028962E-4
8.507810E-5
4.799500E-4
1.149834E-4
7.104092E-5
-4.247711E-5
-4.111056E-4
-1.376858E-4
-1.370755E-4
-6.872053E-5
2.437592E-4
3.157760E-4
3.450710E-4
6.526683E-4
7.277366E-4
1.020686E-3
3.725350E-4
1.056084E-3
3.017389E-4
2.400973E-4
4.463828E-4
-2.377770E-4
-1.370755E-4
-2.170263E-4
-3.696043E-4
-1.566055E-4
-1.334136E-4
2.175158E-4
3.920650E-4
-2.172650E-5
8.101288E-4
6.343589E-4
8.943518E-4
4.976490E-4
7.509285E-4
3.578876E-4
4.189188E-4
3.084523E-4
-8.764020E-5
-1.675911E-4
-1.718633E-4
-1.791870E-4
-1.047289E-4
3.991501E-5
3.139451E-4
3.914547E-4
4.488240E-4
9.474490E-4
8.089081E-4
1.026179E-3
5.537977E-4
9.535521E-4
5.348780E-4
2.602376E-4
5.318265E-4
-8.580926E-5
2.447280E-7
-2.695132E-4
-2.908741E-4
1.428190E-5
-6.811022E-5
1.424474E-4
5.086346E-4
7.714404E-5
8.302690E-4
6.917282E-4
5.544080E-4
6.038433E-4
6.319176E-4
3.560566E-4
2.315530E-4
2.004271E-4
-1.596570E-4
-2.298429E-4
-4.214809E-4
-2.847710E-4
-2.603585E-4
-1.498920E-4
-7.604427E-5
2.193467E-4
1.143731E-4
6.044536E-4
5.226718E-4
6.990520E-4
4.567581E-4
7.728997E-4
4.396694E-4
-1.257182E-5
1.796765E-4
-2.969772E-4
-1.120527E-4
-4.446727E-4
-4.696955E-4
-3.274928E-4
-3.043010E-4
-2.274016E-4
2.126333E-4
5.761406E-5
6.014020E-4
3.261513E-4
5.385399E-4
4.549272E-4
6.618229E-4
3.365266E-4
-2.966056E-5
1.784558E-4
-4.308742E-5
-2.355744E-5
-3.287134E-4
-2.237398E-4
-3.555672E-4
-5.102148E-5
-2.658513E-4
3.810794E-4
1.393959E-4
5.330471E-4
5.452533E-4
7.552007E-4
4.964284E-4
8.516300E-4
4.231909E-4
-1.749148E-4
3.890135E-4
-2.353357E-4
-1.379245E-5
-4.568790E-4
-2.994185E-4
-1.071702E-4
-2.200779E-4
-7.177209E-5
4.469931E-4
1.888311E-4
8.382031E-4
5.379296E-4
6.612126E-4
7.674069E-4
5.660040E-4
5.989608E-4
1.320721E-4
4.018300E-4
1.516021E-4
-9.520264E-6
-4.007303E-4
-2.634101E-4
-2.792782E-4
1.428190E-5
-1.822386E-4
3.731454E-4
1.674702E-4
4.024403E-4
6.557198E-4
5.946886E-4
5.599008E-4
6.813529E-4
6.184908E-4
-7.482365E-5
2.614583E-4
-2.316738E-4
-1.047289E-4
-5.349989E-4
-3.482434E-4
-2.939257E-4
-3.268825E-4
-1.138836E-4
2.083611E-4
8.263685E-5
4.268528E-4
3.835207E-4
6.935592E-4
6.050639E-4
5.086346E-4
5.324368E-4
-1.989557E-5
1.259690E-4
3.991501E-5
-2.054304E-4
-4.001199E-4
-2.634101E-4
-4.916667E-4
-1.407373E-4
-2.341151E-4
3.127245E-4
1.412268E-4
1.985961E-4
6.825735E-4
7.851060E-4
5.299955E-4
5.721071E-4
7.338398E-4
6.982030E-5
4.738468E-4
-2.905025E-5
-4.027456E-6
-3.146763E-4
-2.158057E-4
-2.103129E-4
-2.640204E-4
7.568472E-6
3.090626E-4
1.345134E-4
4.421106E-4
7.320088E-4
6.410723E-4
5.678349E-4
4.714056E-4
6.599920E-4
-1.745432E-5
3.749763E-4
-2.029892E-4
-2.023789E-4
-2.505935E-4
-4.318562E-4
-3.805900E-4
-2.603585E-4
-3.604497E-4
1.467196E-4
8.202654E-5
2.217880E-4
5.458637E-4
6.728086E-4
7.216335E-4
4.970387E-4
8.760424E-4
1.821177E-4
5.385399E-4
5.456250E-5
-1.562338E-5
-9.069176E-5
-2.310635E-4
-2.774472E-4
-1.517230E-4
-1.956654E-4
3.584979E-4
2.877017E-4
2.950254E-4
9.633171E-4
5.037521E-4
7.948710E-4
4.457725E-4
8.449165E-4
1.613671E-4
3.615494E-4
2.114127E-4
8.446778E-5
-3.881524E-5
-1.669808E-4
-1.865107E-4
-1.562338E-5
3.076033E-5
1.815074E-4
4.353972E-4
4.402797E-4
9.724717E-4
7.637450E-4
8.449165E-4
6.142186E-4
1.098806E-3
1.607568E-4
3.700938E-4
2.309427E-4
-2.721931E-5
-1.572158E-4
-2.920947E-4
-1.889520E-4
-1.157146E-4
-1.199867E-4
1.039978E-4
1.961549E-4
3.548360E-4
8.375928E-4
4.689643E-4
8.369825E-4
4.695747E-4
8.613950E-4
3.108935E-4
2.413180E-4
3.700938E-4
-5.590398E-5
4.723875E-5
-3.256619E-4
-3.372578E-4
5.334187E-5
-2.457110E-4
-9.069176E-5
3.707041E-4
1.855409E-5
8.321000E-4
5.000903E-4
5.684452E-4
5.879752E-4
6.673157E-4
1.693012E-4
-9.520264E-6
4.723875E-5
-2.721931E-5
-5.594114E-4
-6.363107E-4
-3.116247E-4
-5.551392E-4
-1.639292E-4
-1.828489E-4
7.348217E-5
2.382664E-4
5.721071E-4
4.384487E-4
6.508373E-4
3.932857E-4
9.456180E-4
1.619774E-4
2.059199E-4
4.744572E-4
-1.871211E-4
-5.834522E-5
-3.451919E-4
-3.305444E-4
8.996059E-5
-1.938345E-4
-1.486714E-4
6.001814E-4
1.131524E-4
7.179716E-4
3.792485E-4
5.727174E-4
4.689643E-4
6.740292E-4
2.516933E-4
6.249655E-5
8.080591E-5
-1.718633E-4
-3.757075E-4
-3.970684E-4
-3.396991E-4
-4.568790E-4
-3.433609E-4
-3.470228E-4
2.370458E-4
1.479402E-4
3.719247E-4
3.999991E-4
5.550183E-4
4.134260E-4
6.221527E-4
1.082700E-4
-6.872053E-5
1.375649E-4
-3.750972E-4
-3.061319E-4
-7.504390E-4
-4.794605E-4
-5.014317E-4
-5.789414E-4
-3.427506E-4
1.977471E-5
-2.090923E-4
3.877928E-4
